7.869370141140725750e-01 2.732389233021911501e+00 0.000000000000000000e+00
5.477066092198624503e+00 4.557365253064462607e+00 0.000000000000000000e+00
2.811286546244481599e+00 2.025229425327464750e+00 0.000000000000000000e+00
6.121763723528230727e+00 8.502161597851405350e-01 0.000000000000000000e+00
5.101620935902711373e+00 9.004093818807634708e-01 0.000000000000000000e+00
4.251502014746321834e+00 1.869288253354305596e+00 0.000000000000000000e+00
4.550211321027418876e+00 4.093010485229553908e+00 0.000000000000000000e+00
3.922154760841655818e+00 1.331238783632744394e+00 0.000000000000000000e+00
1.603465743556059753e+00 -4.755459601422069582e-01 0.000000000000000000e+00
4.641217011468154574e+00 2.810699493365808266e+00 0.000000000000000000e+00
8.050459869409404945e+00 -1.701739678360011609e+00 0.000000000000000000e+00
5.820376979956424002e+00 9.499520755818795514e-01 0.000000000000000000e+00
3.132057776412762617e+00 -5.195472930556881419e-01 0.000000000000000000e+00
5.636966621223059803e+00 3.805706025079834687e-01 0.000000000000000000e+00
2.813447657646145128e+00 5.266321424778450222e+00 0.000000000000000000e+00
7.851157667573967380e+00 1.091033393310326005e+00 0.000000000000000000e+00
1.891738207928104654e+00 -1.526458711854338457e+00 0.000000000000000000e+00
5.243621443005276106e+00 -1.087559454039392470e+00 0.000000000000000000e+00
5.671501323862925936e+00 1.062877328726692827e+00 0.000000000000000000e+00
4.264457566552489531e+00 1.344702419925159376e+00 0.000000000000000000e+00
4.986646958006010877e+00 2.105815784384065248e-01 0.000000000000000000e+00
1.276199140389248310e+00 3.276439866035184334e+00 0.000000000000000000e+00
1.345623941788375078e+00 -1.136797460858817832e+00 0.000000000000000000e+00
5.203831143200215337e+00 3.095239840965086753e+00 0.000000000000000000e+00
8.177509136978562410e+00 -1.878966131555021235e+00 0.000000000000000000e+00
5.755447274506104272e+00 2.782904051249252220e+00 0.000000000000000000e+00
4.780662295816948237e+00 -7.582228406383950681e-01 0.000000000000000000e+00
9.306048731741325852e+00 2.209876507212187313e-01 0.000000000000000000e+00
3.930834614822966699e+00 5.804706961854377845e+00 0.000000000000000000e+00
4.593591925960702760e+00 1.732971313944469127e-01 0.000000000000000000e+00
2.845533111508590896e+00 9.554795128363640089e-01 0.000000000000000000e+00
4.773295888880753957e+00 2.750070716648583158e+00 0.000000000000000000e+00
4.559112430863063281e+00 1.575427781078293288e+00 0.000000000000000000e+00
3.171081861859499362e+00 2.620730057207215635e-01 0.000000000000000000e+00
4.874663929843041643e-01 1.420902166843436953e+00 0.000000000000000000e+00
7.075391616895770674e+00 3.077969571057713516e+00 0.000000000000000000e+00
8.360376562768280451e+00 2.577990133744025414e+00 0.000000000000000000e+00
1.026240915527130593e+00 5.120566422282277763e-01 0.000000000000000000e+00
5.362872432485828789e+00 7.819958254341550230e-01 0.000000000000000000e+00
-5.939497916875158268e-01 -2.569870252355285878e+00 0.000000000000000000e+00
6.808667740738655993e+00 -2.370121241381999866e+00 0.000000000000000000e+00
3.773680437843283997e+00 2.071653295546717288e+00 0.000000000000000000e+00
8.257854908532998195e+00 4.638030373891549374e+00 0.000000000000000000e+00
3.741486440825470439e+00 3.653298267826308177e-01 0.000000000000000000e+00
3.881918084214732723e+00 -2.814897114238415821e+00 0.000000000000000000e+00
4.450631103781491404e+00 4.469300306222724117e+00 0.000000000000000000e+00
3.874534196591610247e+00 4.350021988255432959e+00 0.000000000000000000e+00
4.526519911018833220e+00 -1.708731571760264689e+00 0.000000000000000000e+00
6.223725365349277894e+00 1.269584570422213954e+00 0.000000000000000000e+00
5.305849875766844193e+00 3.305201826691285927e+00 0.000000000000000000e+00
6.067122176582176785e+00 3.088532130359762817e+00 0.000000000000000000e+00
6.006280951964531489e+00 1.285113670063368740e+00 0.000000000000000000e+00
7.492771580108456675e+00 7.184068107697100247e-01 0.000000000000000000e+00
5.866279391068740523e+00 2.340281620689850239e+00 0.000000000000000000e+00
5.957362652986689433e+00 -2.067069422954096236e+00 0.000000000000000000e+00
3.177747988154337122e+00 2.593860876071062194e+00 0.000000000000000000e+00
1.554022699561232734e+00 3.230377352949870051e+00 0.000000000000000000e+00
7.753431345472797886e+00 -1.582414169932540027e-01 0.000000000000000000e+00
6.110973711575415024e+00 3.452187923417553872e+00 0.000000000000000000e+00
9.363842202229779588e-01 8.326216984228307361e-01 0.000000000000000000e+00
2.113539456421712259e+00 -9.558724963753870707e-01 0.000000000000000000e+00
6.371989608443159092e+00 -3.341079532374459760e+00 0.000000000000000000e+00
4.310342258569431095e+00 1.935133950875205677e+00 0.000000000000000000e+00
3.825305958166133280e+00 -5.603399296987296996e-01 0.000000000000000000e+00
3.387895556517751317e+00 -1.326567768830819283e+00 0.000000000000000000e+00
7.638315257048487794e+00 8.876627183420843226e-01 0.000000000000000000e+00
3.074392850499861662e+00 1.778912586519185712e-01 0.000000000000000000e+00
3.574761338996715665e+00 -1.784423614074829079e+00 0.000000000000000000e+00
9.660838777905127017e+00 -3.049150822037220543e+00 0.000000000000000000e+00
4.911084500373848805e+00 -6.896937923981436569e-01 0.000000000000000000e+00
1.669082687443335988e+00 3.705766965318099793e+00 0.000000000000000000e+00
-8.840517164363941305e-01 2.356917977119115104e-01 0.000000000000000000e+00
9.870593739589363480e+00 1.488238136973835113e+00 0.000000000000000000e+00
6.547438491115070924e+00 -6.528317298627484000e-01 0.000000000000000000e+00
4.520600282964744920e+00 -4.099532117255836106e+00 0.000000000000000000e+00
1.131443390131287785e+01 4.854687865035826277e+00 0.000000000000000000e+00
5.635399645782804612e+00 1.529681390593061741e-01 0.000000000000000000e+00
4.186003920675377188e+00 2.192485824402398364e+00 0.000000000000000000e+00
1.536536716846791162e+00 -7.776925749708429869e-01 0.000000000000000000e+00
8.458042862271941686e-01 -7.471743277818363449e-01 0.000000000000000000e+00
4.440750991362587996e+00 4.998552522137773124e+00 0.000000000000000000e+00
3.824107252455284822e+00 -1.901007636587156213e+00 0.000000000000000000e+00
7.481733229675800345e+00 3.063682110897896660e+00 0.000000000000000000e+00
5.258509071498800758e+00 -6.856744734391937435e-01 0.000000000000000000e+00
2.762164370767263843e+00 2.590525997418859028e+00 0.000000000000000000e+00
1.022832140129785294e+00 -7.352885304159888502e-01 0.000000000000000000e+00
8.579055389015765698e+00 6.344819927285302974e+00 0.000000000000000000e+00
4.111524841249130979e+00 4.183371723653661611e-01 0.000000000000000000e+00
6.378856171802607555e+00 6.200507873770990663e+00 0.000000000000000000e+00
3.710927351711892364e+00 1.461065816273681817e+00 0.000000000000000000e+00
3.641095287546509685e+00 5.033864095053510734e-01 0.000000000000000000e+00
5.499872531978588164e+00 -4.599927683953615176e-01 0.000000000000000000e+00
6.550607630464918785e+00 -1.147005948003162690e+00 0.000000000000000000e+00
5.193510285025776163e+00 3.226781767383750665e+00 0.000000000000000000e+00
3.892784644128042260e+00 1.829194411692886657e+00 0.000000000000000000e+00
4.946351771709434075e+00 -2.317585035257896386e-02 0.000000000000000000e+00
4.374133030494887109e+00 5.824600414471187371e+00 0.000000000000000000e+00
4.318881490762029429e+00 4.732071818986349321e+00 0.000000000000000000e+00
6.252812745944190453e+00 3.062797511001798423e+00 0.000000000000000000e+00
6.275095674199619999e+00 -1.069522545680663850e+00 0.000000000000000000e+00
5.364581479774089168e+00 -1.474842281622174678e+00 0.000000000000000000e+00
-1.287694480793136975e+00 1.049599369490460621e+00 0.000000000000000000e+00
5.704673754632283433e+00 -2.101354914470714874e+00 0.000000000000000000e+00
2.609704256030306979e+00 -2.218835631475617465e+00 0.000000000000000000e+00
6.091761260883542306e+00 5.365286543569692590e+00 0.000000000000000000e+00
3.012418869841689606e+00 3.712666311298399968e+00 0.000000000000000000e+00
5.285050028713111914e+00 2.285781718829051901e+00 0.000000000000000000e+00
6.067632053389181657e+00 5.395486346153486323e+00 0.000000000000000000e+00
3.660024059774764638e+00 4.856385723096972029e+00 0.000000000000000000e+00
9.441011742189356681e+00 3.456958135613683591e-01 0.000000000000000000e+00
4.683108496852509184e+00 3.489826034422097933e+00 0.000000000000000000e+00
1.134446119326415925e+00 1.742741008207102649e+00 0.000000000000000000e+00
3.251363971931815922e+00 3.277512147546519206e+00 0.000000000000000000e+00
7.134908596848820395e+00 6.891356370352870186e-01 0.000000000000000000e+00
4.150758423002903541e+00 -3.505172909010851434e+00 0.000000000000000000e+00
5.806294763354381772e+00 5.996535419483368656e+00 0.000000000000000000e+00
4.011947191270373914e+00 1.149917788132546637e+00 0.000000000000000000e+00
5.259610218493401490e+00 -3.408576192618091305e+00 0.000000000000000000e+00
7.248795545444469468e+00 4.326053972145778026e+00 0.000000000000000000e+00
8.208499143071495752e+00 -2.507433410531860307e+00 0.000000000000000000e+00
2.613953515804070538e+00 1.014967829470069915e+00 0.000000000000000000e+00
2.502823832318061381e+00 2.881519694159782929e+00 0.000000000000000000e+00
2.219153079968148035e+00 -3.047962386145020020e-02 0.000000000000000000e+00
8.924972275567238711e+00 -3.502072985215647805e+00 0.000000000000000000e+00
4.314985667342416065e+00 -1.220632403795625986e+00 0.000000000000000000e+00
4.239158537639564628e+00 7.727353615467253967e-01 0.000000000000000000e+00
1.570758773628346816e-01 2.372069493345830615e+00 0.000000000000000000e+00
5.659762328512306873e+00 -9.565879306052957887e-01 0.000000000000000000e+00
-1.402828222977125172e+00 2.424722120203555153e+00 0.000000000000000000e+00
5.702256043881017256e+00 4.738980891853287858e+00 0.000000000000000000e+00
8.198084545255913014e+00 -9.086360527460346503e-02 0.000000000000000000e+00
5.720493844190396082e+00 1.895478802592757361e+00 0.000000000000000000e+00
2.260751720347842220e+00 8.265464328276881378e-01 0.000000000000000000e+00
7.997308657918527963e+00 1.708532778122465734e+00 0.000000000000000000e+00
1.693106053927225574e+00 4.421392387099670529e+00 0.000000000000000000e+00
8.465297477127455394e+00 8.275746443130309160e+00 0.000000000000000000e+00
4.265475920274274024e+00 -9.077637457936611476e-01 0.000000000000000000e+00
4.963174460921376152e+00 -2.913884328222424713e-01 0.000000000000000000e+00
6.421641535890297625e+00 7.081536034095423648e-01 0.000000000000000000e+00
4.156141324517208524e+00 -5.627373631233811846e-01 0.000000000000000000e+00
3.093252952475977313e+00 7.543117894265357615e-01 0.000000000000000000e+00
4.805169666114201377e+00 7.284672271984166114e-01 0.000000000000000000e+00
3.567499550170967204e+00 2.326832842958740377e-01 0.000000000000000000e+00
8.604660672891677464e+00 6.639089087131619937e-01 0.000000000000000000e+00
5.342812803082689577e+00 -2.584925966729167968e-02 0.000000000000000000e+00
5.533347737507644304e+00 -1.420869272641271053e+00 0.000000000000000000e+00
7.783390901800339101e+00 -1.054672871502925879e+00 0.000000000000000000e+00
6.897807215092848665e+00 -1.152387398631002924e+00 0.000000000000000000e+00
3.819080718681835407e-01 -3.648621203571909000e-01 0.000000000000000000e+00
6.332079686839636068e+00 4.231052824722118189e+00 0.000000000000000000e+00
6.218093597331595390e+00 -1.567856143260704993e+00 0.000000000000000000e+00
7.158999252181821760e+00 2.911350534420226843e+00 0.000000000000000000e+00
6.888647876849129048e+00 5.970130104770263735e-01 0.000000000000000000e+00
9.900310939896165507e+00 1.964224999211086065e-01 0.000000000000000000e+00
5.514367405672633282e+00 -2.321633913993127241e+00 0.000000000000000000e+00
6.352209131539725107e+00 -2.741128105168566087e+00 0.000000000000000000e+00
3.210743646782759697e+00 4.324773099614628080e+00 0.000000000000000000e+00
1.008200177508153494e+00 -7.215285081683719959e-02 0.000000000000000000e+00
3.061243973803598806e+00 -9.146254210488184988e-01 0.000000000000000000e+00
4.565753192553162698e+00 2.991174944775277567e+00 0.000000000000000000e+00
9.044606533157947936e+00 2.308403996526242619e-02 0.000000000000000000e+00
3.576486146932476906e+00 4.925282925527776356e+00 0.000000000000000000e+00
5.508566116490200670e+00 -2.383796699957033027e+00 0.000000000000000000e+00
2.029848388136411774e+00 -2.795908452114036269e+00 0.000000000000000000e+00
3.550153304147579902e+00 -8.541286457804420085e-01 0.000000000000000000e+00
3.624605782466107762e+00 -3.909815831240744721e+00 0.000000000000000000e+00
8.904448816710852199e+00 -1.174864803001623770e+00 0.000000000000000000e+00
8.112949536989303212e+00 3.197534917978138491e+00 0.000000000000000000e+00
6.023966064886124627e+00 3.245157223139660818e-01 0.000000000000000000e+00
4.858540477112334166e+00 1.347516516030623945e+00 0.000000000000000000e+00
2.681537644158968892e+00 3.626300998605679116e+00 0.000000000000000000e+00
6.649920581625477389e+00 1.411562156092555087e+00 0.000000000000000000e+00
5.129246345457755929e+00 -1.855844722662360891e+00 0.000000000000000000e+00
4.052845040339267513e+00 2.799985772968578424e+00 0.000000000000000000e+00
2.280460618940054029e+00 3.134318846874639242e+00 0.000000000000000000e+00
2.460146494206175483e+00 3.881845930396337518e+00 0.000000000000000000e+00
5.111052574674477711e+00 1.018896162440803943e+00 0.000000000000000000e+00
4.433517952500980464e+00 -6.346280633347296529e-01 0.000000000000000000e+00
9.527848893685494147e+00 2.459549331008711981e+00 0.000000000000000000e+00
6.354481713535215626e+00 1.906285986344735672e-01 0.000000000000000000e+00
4.210330532653794755e+00 3.772847687300741715e+00 0.000000000000000000e+00
-4.777189858004371459e-01 2.187813785517270793e-01 0.000000000000000000e+00
1.101238933282957522e+00 -2.672670816807556360e+00 0.000000000000000000e+00
6.687231403069008095e+00 6.797554844783066930e-01 0.000000000000000000e+00
6.175490549028904042e+00 -1.585982397211381123e+00 0.000000000000000000e+00
4.209970487145851870e+00 -1.238114823086271077e+00 0.000000000000000000e+00
6.415788366564929568e+00 -3.254139708150526111e+00 0.000000000000000000e+00
6.099176622038324780e+00 -3.233259655709899150e-01 0.000000000000000000e+00
5.300465505998252169e+00 -1.441362595826989335e-02 0.000000000000000000e+00
3.520586895532563432e+00 3.598729675048807142e+00 0.000000000000000000e+00
5.317184832894318092e+00 -1.743787641579026548e-01 0.000000000000000000e+00
2.261900504821606539e+00 6.410514835344922613e-01 0.000000000000000000e+00
3.148949991200985288e+00 2.074571017646940518e+00 0.000000000000000000e+00
8.910489855570871143e+00 1.102095324767519369e+00 0.000000000000000000e+00
9.146161214456768107e+00 -1.780575771073856117e+00 0.000000000000000000e+00
5.072580369903636033e+00 3.734524757817883955e+00 0.000000000000000000e+00
6.805885358297365073e+00 2.380982191000661441e+00 0.000000000000000000e+00
1.890534349288557792e+00 2.665746499965356620e+00 0.000000000000000000e+00
1.091170651034700789e+00 3.095378394077011652e+00 0.000000000000000000e+00
4.808016726661933582e+00 3.701689235098482911e+00 0.000000000000000000e+00
4.862808703882884664e+00 -1.183532299656928188e+00 0.000000000000000000e+00
5.563114800928822490e+00 2.034307686053783648e+00 0.000000000000000000e+00
4.291868021544616774e+00 -4.934400550501354399e-01 0.000000000000000000e+00
4.531225213128300844e+00 1.797990773542161858e+00 0.000000000000000000e+00
6.622683961376621298e+00 -2.448836215848018583e+00 0.000000000000000000e+00
2.351177968296705334e+00 9.863768656236537868e-01 0.000000000000000000e+00
6.477653129134502308e+00 2.118219308281189317e+00 0.000000000000000000e+00
-3.676697692621431202e-01 -1.876456917174409877e+00 0.000000000000000000e+00
-1.132296755547175238e-01 3.375703816464615592e+00 0.000000000000000000e+00
7.687566516127807503e+00 3.059847346040970972e+00 0.000000000000000000e+00
6.587480877846443761e+00 -2.632059224759473626e+00 0.000000000000000000e+00
5.932089333714963608e+00 1.896712941738453395e+00 0.000000000000000000e+00
6.207598903046530836e+00 -1.139348666176516200e-01 0.000000000000000000e+00
9.437732510119424489e+00 1.973384660089046783e+00 0.000000000000000000e+00
7.067261929067262471e+00 7.929488342284888303e-01 0.000000000000000000e+00
3.681386993042039535e+00 1.024943885777837682e+00 0.000000000000000000e+00
3.573046524635026699e+00 -2.838965566802051921e-01 0.000000000000000000e+00
3.748417965571310795e+00 -4.175460763677562248e+00 0.000000000000000000e+00
6.440706585954330876e+00 4.984279538614856619e+00 0.000000000000000000e+00
4.396742493505261251e+00 1.626850860807808496e+00 0.000000000000000000e+00
4.685601399179237347e+00 1.868194646098902290e+00 0.000000000000000000e+00
6.030691034717436949e+00 2.082535646652935668e+00 0.000000000000000000e+00
6.813063449257645843e+00 -3.557866585930150372e+00 0.000000000000000000e+00
6.317706087616295818e+00 1.107968975666403066e+00 0.000000000000000000e+00
5.332379709386835032e+00 -4.708048448591546808e+00 0.000000000000000000e+00
3.572303944576189494e+00 1.015962771361329287e+00 0.000000000000000000e+00
8.409438901873953043e+00 -7.839494011949235119e-01 0.000000000000000000e+00
3.254656249494441767e+00 4.579904239683468603e+00 0.000000000000000000e+00
4.898446180183343657e+00 9.664730036373205824e-01 0.000000000000000000e+00
5.925622244992949206e+00 -2.447099271311001800e-01 0.000000000000000000e+00
4.285407673939241491e+00 1.220150817260504450e+00 0.000000000000000000e+00
7.573604517088255328e+00 7.800391627827998775e+00 0.000000000000000000e+00
5.725566414099170665e+00 -2.970470600299085717e+00 0.000000000000000000e+00
1.366578310236787441e+00 -2.389887274274872020e+00 0.000000000000000000e+00
3.128009532403546622e+00 2.119851748824437720e+00 0.000000000000000000e+00
5.160176557036955103e+00 -2.118409285205943515e+00 0.000000000000000000e+00
1.364304148167913677e+00 -1.480630361604436729e+00 0.000000000000000000e+00
5.663088963973983425e+00 1.575345867144769318e+00 0.000000000000000000e+00
3.339406031338420178e+00 5.701454038971907057e-01 0.000000000000000000e+00
5.618757490921485243e+00 1.555131357024688299e+00 0.000000000000000000e+00
1.439569441324184407e+00 2.735600345997622362e+00 0.000000000000000000e+00
4.431802151949780999e+00 1.011122093753379358e+00 0.000000000000000000e+00
6.039111338767827242e+00 3.565163955821718744e+00 0.000000000000000000e+00
6.326501875954452458e+00 1.467398072231776096e+00 0.000000000000000000e+00
1.462490842278350023e+00 -3.413635607394858162e-01 0.000000000000000000e+00
1.861993600271763860e+00 -5.610161274515979013e-01 0.000000000000000000e+00
5.203376111783814650e+00 -1.678272322991719356e+00 0.000000000000000000e+00
4.294774109587034872e+00 5.194868520056754591e+00 0.000000000000000000e+00
6.969022611927131017e+00 1.832398095988227116e+00 0.000000000000000000e+00
4.467353498966367020e+00 1.547520789100625960e+00 0.000000000000000000e+00
3.988265612181630893e+00 6.270976674439690868e+00 0.000000000000000000e+00
6.745420480713038458e+00 -4.507008386124239152e+00 0.000000000000000000e+00
3.492035138190790811e+00 1.094372535901639187e+00 0.000000000000000000e+00
3.137042954198899558e+00 -7.985584515982397935e-01 0.000000000000000000e+00
7.967655942327954932e+00 1.204314995716368131e+00 0.000000000000000000e+00
4.831342451011939154e+00 -1.308009756244732369e-01 0.000000000000000000e+00
6.529175636784577463e+00 9.081505013465558385e-01 0.000000000000000000e+00
2.389989528104333960e+00 1.171838026519568698e+00 0.000000000000000000e+00
4.622195476018917226e+00 1.607895023685069091e+00 0.000000000000000000e+00
1.318746933063387416e+00 2.028997543656691604e+00 0.000000000000000000e+00
2.422467651226863694e+00 -6.408878554123840665e+00 0.000000000000000000e+00
5.845505561752696089e+00 3.409540639828160247e-01 0.000000000000000000e+00
4.537792350687944065e+00 3.271186118199874482e+00 0.000000000000000000e+00
4.609438465212938318e+00 -1.513660398471813995e+00 0.000000000000000000e+00
7.847132142155183843e+00 1.367740292492621856e-01 0.000000000000000000e+00
4.784599641401567460e+00 6.165380483368333664e+00 0.000000000000000000e+00
4.213621549435963232e+00 6.999422524057676842e-01 0.000000000000000000e+00
3.906587047560057258e+00 -3.249743871076598012e+00 0.000000000000000000e+00
4.785257412849865943e+00 4.604475117532434325e+00 0.000000000000000000e+00
9.135479810667817446e+00 1.136852106710142030e+00 0.000000000000000000e+00
8.219096591062701407e+00 1.921855361106219906e+00 0.000000000000000000e+00
5.730702726877682451e+00 2.146979724095900099e+00 0.000000000000000000e+00
6.923004199982958795e+00 2.064544486382835942e+00 0.000000000000000000e+00
7.110193953236416675e+00 -1.559360111042289443e+00 0.000000000000000000e+00
8.244569102151217521e+00 2.053925770259477979e+00 0.000000000000000000e+00
6.766324716409112483e+00 -1.519867092702524403e+00 0.000000000000000000e+00
7.184445148584595486e+00 2.527765139133097527e+00 0.000000000000000000e+00
1.238524939150035920e+00 2.168884294578855787e+00 0.000000000000000000e+00
5.204619824677010342e+00 1.813791915585849068e+00 0.000000000000000000e+00
6.131332303217165602e+00 1.826239351084836482e+00 0.000000000000000000e+00
7.654820620670019338e+00 -7.550638764680466242e-01 0.000000000000000000e+00
1.391460262729115716e+00 7.270383019949211434e-02 0.000000000000000000e+00
4.430693638908149268e+00 -2.258050535795605995e+00 0.000000000000000000e+00
6.806966031754120294e+00 2.511161140997435481e+00 0.000000000000000000e+00
8.698510261762054441e+00 -2.979931412886481557e+00 0.000000000000000000e+00
4.410236808345582737e+00 6.592475600778152645e-01 0.000000000000000000e+00
9.521403228995339418e+00 -3.467755884491097618e+00 0.000000000000000000e+00
2.982673194282850826e+00 -1.158310495435018073e+00 0.000000000000000000e+00
5.983992552911509222e+00 7.445083167851318517e-01 0.000000000000000000e+00
4.890611638231377789e+00 4.966914588639803618e+00 0.000000000000000000e+00
3.848501008730321971e+00 1.463275235327945012e+00 0.000000000000000000e+00
1.770188120760071815e+00 8.451230066903115956e-01 0.000000000000000000e+00
4.810107338244105968e+00 2.254672170998318848e+00 0.000000000000000000e+00
7.572831751948872814e+00 -3.435310432954634674e-01 0.000000000000000000e+00
5.820787099382267016e+00 3.323296445803491483e+00 0.000000000000000000e+00
7.119046843510968614e+00 3.953557558642635694e+00 0.000000000000000000e+00
2.937791525298184325e+00 -9.508648695483934432e-02 0.000000000000000000e+00
4.635057602827695966e+00 4.323929984283341188e-01 0.000000000000000000e+00
3.396054699731256399e+00 2.320992656915081831e+00 0.000000000000000000e+00
3.990653585348825416e+00 -1.299441588082405286e+00 0.000000000000000000e+00
3.381722223849664921e+00 -8.651105274219685892e-01 0.000000000000000000e+00
8.344312268771872709e+00 -2.195949222560663827e+00 0.000000000000000000e+00
6.026423225600945344e-01 8.398390418610323094e-01 0.000000000000000000e+00
3.322923546206386192e+00 -7.396246585095225257e-01 0.000000000000000000e+00
7.060392327024752390e+00 8.773619077238102859e-01 0.000000000000000000e+00
6.890658392518745679e+00 -4.938005264935314553e-01 0.000000000000000000e+00
6.787080446050837601e+00 2.021774067150435616e+00 0.000000000000000000e+00
8.316408949072046752e+00 -6.851390087711000110e-01 0.000000000000000000e+00
1.129490828185318652e+00 -1.671802928839538627e+00 0.000000000000000000e+00
1.843210579945475658e-01 3.365141402608476273e+00 0.000000000000000000e+00
6.574726943440005300e+00 -3.117238223997267355e-01 0.000000000000000000e+00
8.114439311484023420e+00 -2.660111224990298062e+00 0.000000000000000000e+00
6.305745780735736439e+00 -2.970652583009023573e-01 0.000000000000000000e+00
3.905193438403077977e+00 3.533493539826205954e+00 0.000000000000000000e+00
5.185953633193020273e+00 -1.573704652446044072e+00 0.000000000000000000e+00
1.694461924372339112e-01 2.403072337813069836e+00 0.000000000000000000e+00
7.524338014500860261e+00 3.908697928886759598e-01 0.000000000000000000e+00
3.878440526751957940e+00 -4.246843798553305849e-01 0.000000000000000000e+00
6.034497858956786587e+00 1.157629525715788699e+00 0.000000000000000000e+00
3.288364036828238746e+00 -4.213779026705970487e-01 0.000000000000000000e+00
5.970396891432452335e+00 -3.869240424027310610e+00 0.000000000000000000e+00
4.158536043816300598e+00 -6.879256975593988077e-01 0.000000000000000000e+00
7.460296028359763021e+00 -1.715480451173953647e+00 0.000000000000000000e+00
5.615435103868628097e+00 1.125757461071019705e+00 0.000000000000000000e+00
7.811878395449155299e+00 -1.655934523642568212e-01 0.000000000000000000e+00
6.906871988950111785e-01 3.726105141628043516e+00 0.000000000000000000e+00
5.876161807499142853e+00 -4.596818997287828168e-01 0.000000000000000000e+00
7.839810187084774284e+00 1.864837461075546710e+00 0.000000000000000000e+00
2.539034332025370766e+00 2.498457938656295507e+00 0.000000000000000000e+00
7.109162670033319031e+00 -2.218915070214229068e-01 0.000000000000000000e+00
6.607657766033462110e+00 2.883373369367485672e-01 0.000000000000000000e+00
3.048885164703829531e-01 2.532145478772794833e-01 0.000000000000000000e+00
5.608712944968850422e+00 -5.392035773427212852e-01 0.000000000000000000e+00
8.727523169413615278e+00 3.696990631317158549e+00 0.000000000000000000e+00
6.765172098792217703e+00 5.328719989788892164e+00 0.000000000000000000e+00
3.135705800957249600e+00 -5.722338263387646506e+00 0.000000000000000000e+00
8.069659695329814753e+00 6.339661482223091227e+00 0.000000000000000000e+00
3.523743494232070450e+00 -1.279774981261350142e-02 0.000000000000000000e+00
8.149400248905397603e+00 3.703989826145390740e+00 0.000000000000000000e+00
7.163711291919044655e+00 2.533521821481472536e+00 0.000000000000000000e+00
5.228893783376983073e+00 2.445327633251058508e+00 0.000000000000000000e+00
7.630961103647447175e+00 2.357441775110468818e+00 0.000000000000000000e+00
5.406934355401371128e+00 1.612231187897009699e+00 0.000000000000000000e+00
6.384679080033710541e+00 3.172959020066155045e-01 0.000000000000000000e+00
3.714474383486316533e+00 2.916618209797352979e+00 0.000000000000000000e+00
1.647829834874349864e+00 -5.304263053833682129e-01 0.000000000000000000e+00
4.272171552319834475e+00 -2.479133572618998027e+00 0.000000000000000000e+00
1.779999870110678728e+00 -1.019728099954185563e+00 0.000000000000000000e+00
4.274553219562092110e+00 1.005107875866528166e+00 0.000000000000000000e+00
3.924252881365071666e+00 -4.275899164959747978e+00 0.000000000000000000e+00
7.497131984045701358e+00 1.938528813338726398e+00 0.000000000000000000e+00
1.528390289264533131e+00 -2.660277161960062919e-01 0.000000000000000000e+00
1.400876028086137204e+00 4.336489656682788407e+00 0.000000000000000000e+00
8.175304536599174554e+00 9.857862272629233091e-01 0.000000000000000000e+00
1.342643502878368977e-01 5.864094537944421148e+00 0.000000000000000000e+00
3.628041809216815405e+00 -1.410401687282787364e-01 0.000000000000000000e+00
3.436494777382853805e+00 1.579768501384076540e+00 0.000000000000000000e+00
-1.287897710093973025e+00 1.247358329482358918e+00 0.000000000000000000e+00
6.611970835382499523e+00 2.532056201863103873e+00 0.000000000000000000e+00
7.901293770863944133e+00 2.365574940406661941e+00 0.000000000000000000e+00
3.131842213991657964e+00 6.304495170732234977e-01 0.000000000000000000e+00
5.712132092013384010e+00 3.464793735913835437e+00 0.000000000000000000e+00
1.040031922331673542e+01 -1.172317078294058401e-01 0.000000000000000000e+00
7.060747362991886433e+00 -3.857650635724596988e+00 0.000000000000000000e+00
4.943721052443665442e+00 1.740009819346549857e+00 0.000000000000000000e+00
7.299369406802647120e+00 4.804754017527933740e+00 0.000000000000000000e+00
4.861358922742531341e+00 -1.706598001627423589e+00 0.000000000000000000e+00
1.176845200994319995e+01 -1.576137734903160670e+00 0.000000000000000000e+00
8.275460005852902867e+00 2.711454687941242447e+00 0.000000000000000000e+00
4.705170121932336080e+00 3.464816276305268783e+00 0.000000000000000000e+00
9.378864450239824180e+00 -3.697964205294243634e+00 0.000000000000000000e+00
4.971349236594833521e+00 -7.048047409560895815e-01 0.000000000000000000e+00
3.998983098374880640e+00 1.570295214119499683e+00 0.000000000000000000e+00
4.795085562562607429e+00 2.051761478384244164e+00 0.000000000000000000e+00
6.838703758158702684e+00 1.428951760568071716e+00 0.000000000000000000e+00
7.849395603210997052e+00 -1.736132353284897345e+00 0.000000000000000000e+00
7.346773214718636424e+00 -2.264838055970956887e+00 0.000000000000000000e+00
3.356103134859690584e+00 5.883698661330467594e+00 0.000000000000000000e+00
2.169933363942925464e+00 3.020680780155335921e-01 0.000000000000000000e+00
6.618189161372919571e+00 -2.497374026901892030e+00 0.000000000000000000e+00
5.236189969342104789e+00 3.796790468379271921e+00 0.000000000000000000e+00
5.070946246691073078e+00 1.750392956593970428e+00 0.000000000000000000e+00
9.217354335975180391e+00 1.259168453943134702e+00 0.000000000000000000e+00
5.132364643601931675e+00 7.631294560179338049e-01 0.000000000000000000e+00
3.287025879864934552e+00 6.702193377083887071e-02 0.000000000000000000e+00
6.433481768723178007e+00 1.097882358408439174e+00 0.000000000000000000e+00
7.033090038093018137e+00 2.051988920554588702e+00 0.000000000000000000e+00
3.210248205404002686e+00 1.907093232080633305e-01 0.000000000000000000e+00
5.792656622108732556e+00 -7.601430906553354738e-01 0.000000000000000000e+00
3.278287908217862423e+00 -2.061817503312578737e+00 0.000000000000000000e+00
5.202443214032918206e+00 2.879235954252862051e+00 0.000000000000000000e+00
9.346339424917342598e-01 -1.654485078865931325e+00 0.000000000000000000e+00
5.329455882271497913e+00 1.566033556602668408e+00 0.000000000000000000e+00
-1.064103039923088190e+00 1.354501031228482422e+00 0.000000000000000000e+00
3.113234266178028342e+00 1.345977547729679813e+00 0.000000000000000000e+00
4.408847463957610735e+00 -4.225370359111668694e-01 0.000000000000000000e+00
3.793125213177789057e+00 -3.603563160242953423e+00 0.000000000000000000e+00
7.363510320172714785e+00 2.228783603928876644e+00 0.000000000000000000e+00
5.365414338311720321e+00 2.585546130437917256e+00 0.000000000000000000e+00
3.083715681832326805e+00 1.796802416291683580e+00 0.000000000000000000e+00
2.191311232379123286e+00 1.058500457899611558e+00 0.000000000000000000e+00
5.584340339088129213e+00 2.063367795370463220e+00 0.000000000000000000e+00
1.040507115146190209e+01 1.775354885536754246e+00 0.000000000000000000e+00
5.395185949253038515e-01 1.812113688517270838e+00 0.000000000000000000e+00
3.854746526976994048e+00 -1.818125450106422569e-02 0.000000000000000000e+00
3.836470146895950339e+00 2.222552371734138887e+00 0.000000000000000000e+00
7.505418570799809785e+00 2.261439902718966000e+00 0.000000000000000000e+00
7.520497969475886890e+00 -9.218361051299746034e-01 0.000000000000000000e+00
3.971604670906844881e+00 3.361834675732925604e+00 0.000000000000000000e+00
4.092033047390240874e+00 1.064926766631277610e+00 0.000000000000000000e+00
5.776660264768207043e+00 -1.583566560671298973e+00 0.000000000000000000e+00
5.535680716306776716e+00 4.027965369727187550e+00 0.000000000000000000e+00
1.042254487920217088e+01 5.710221872921615649e+00 0.000000000000000000e+00
4.138430641865435078e+00 -1.796755074447746736e+00 0.000000000000000000e+00
2.402084051038648305e+00 -6.564846138950086729e-01 0.000000000000000000e+00
2.231394933002848635e+00 -5.241985976533409808e-01 0.000000000000000000e+00
5.205551181874699118e+00 -1.318021728471672649e+00 0.000000000000000000e+00
5.586777465547432264e+00 2.567342181619423069e+00 0.000000000000000000e+00
3.325061064255732113e+00 -1.721362512898926944e+00 0.000000000000000000e+00
3.537137291710187093e+00 -8.180882082174945058e-01 0.000000000000000000e+00
3.586709092410111488e+00 3.971416612509241606e+00 0.000000000000000000e+00
4.535026383721557863e+00 1.612170152384138522e+00 0.000000000000000000e+00
8.072243555572402585e+00 3.643390087057711391e+00 0.000000000000000000e+00
5.533580213372293777e+00 2.356809454312456253e-01 0.000000000000000000e+00
5.873677245065879404e+00 -4.665970410557545023e-01 0.000000000000000000e+00
9.386519908736682183e+00 -3.389358938709610136e+00 0.000000000000000000e+00
5.387780812827042354e+00 2.511483377406544371e+00 0.000000000000000000e+00
5.711704573709019961e+00 3.506078027306271938e+00 0.000000000000000000e+00
5.313032468989172585e+00 -3.084572189410905718e-01 0.000000000000000000e+00
3.500707076117245187e+00 2.408190927363763834e+00 0.000000000000000000e+00
3.430787360979627554e+00 3.569820801954516565e+00 0.000000000000000000e+00
5.524797516033228995e+00 5.458677744994107961e+00 0.000000000000000000e+00
5.214405612552273972e+00 2.686148485711392642e-02 0.000000000000000000e+00
5.347539919417338972e+00 2.591251434887175797e+00 0.000000000000000000e+00
2.114525090595568368e+00 1.820886344304654347e+00 0.000000000000000000e+00
5.137345029006022301e+00 1.460767773775792477e+00 0.000000000000000000e+00
8.062198404083952497e+00 1.634248399331168056e+00 0.000000000000000000e+00
6.632791969475102078e+00 9.915027128065816431e-01 0.000000000000000000e+00
5.294192303729658988e+00 2.884415478214100048e+00 0.000000000000000000e+00
6.505707251996904361e+00 -1.722257858619228532e+00 0.000000000000000000e+00
4.831325756355946410e+00 2.563932286037360786e+00 0.000000000000000000e+00
7.037555797999948126e+00 3.679144346002841903e+00 0.000000000000000000e+00
7.012963688720724065e+00 -1.497367726461890314e+00 0.000000000000000000e+00
4.574601922563810597e+00 1.790375294642753357e+00 0.000000000000000000e+00
4.946604111828810879e+00 -5.618680766657413450e-02 0.000000000000000000e+00
5.948104541855493643e+00 -4.869785211675652370e+00 0.000000000000000000e+00
8.332038090800685026e+00 7.447852120923068586e-01 0.000000000000000000e+00
6.409294206282581285e+00 -5.203680540071031757e-02 0.000000000000000000e+00
5.561524075486342866e+00 5.313863077040489991e+00 0.000000000000000000e+00
6.739215648974519191e+00 1.313426806588739559e+00 0.000000000000000000e+00
3.764765783352952866e+00 -1.273129535979453664e+00 0.000000000000000000e+00
9.206253704731647503e+00 1.939706734638178887e+00 0.000000000000000000e+00
4.081855219798891099e+00 4.206376647825464943e+00 0.000000000000000000e+00
4.619313167999020031e+00 1.261136466703966841e+00 0.000000000000000000e+00
6.209272827471052025e+00 1.872006845867348446e+00 0.000000000000000000e+00
5.484076589841923699e+00 1.884014575834837668e+00 0.000000000000000000e+00
6.329140489225398625e+00 1.846415189449158278e+00 0.000000000000000000e+00
4.910625227633382828e+00 1.291120274590914052e+00 0.000000000000000000e+00
6.471773428944720408e+00 -5.337058198134667641e-01 0.000000000000000000e+00
3.825420316028111500e+00 4.741143863946591930e-01 0.000000000000000000e+00
1.117504238458625565e+01 3.958977990748016929e+00 0.000000000000000000e+00
2.151724815519312273e+00 5.040945426124578077e+00 0.000000000000000000e+00
2.734139216990766563e+00 1.763757072869434950e+00 0.000000000000000000e+00
1.684126527393221551e+00 -6.903922839504301745e-01 0.000000000000000000e+00
1.721207445816340442e+00 3.048115876691047443e+00 0.000000000000000000e+00
9.694150557344141106e+00 -2.045628504041766771e+00 0.000000000000000000e+00
2.946831348737109391e+00 2.479511330298838967e+00 0.000000000000000000e+00
6.023732643193961067e+00 6.211020475867655044e+00 0.000000000000000000e+00
2.445240055942262902e+00 1.942937934491463459e+00 0.000000000000000000e+00
6.719856033911559834e+00 -8.939241816511966920e-01 0.000000000000000000e+00
5.241223120519329370e+00 7.979289674092871820e+00 0.000000000000000000e+00
5.640484434822640836e+00 3.086024236068966031e-01 0.000000000000000000e+00
3.942431918880711983e+00 -1.880234765009757503e+00 0.000000000000000000e+00
7.124433873288191776e+00 2.848966532083169412e+00 0.000000000000000000e+00
6.574759496095138545e+00 4.754266131370870951e+00 0.000000000000000000e+00
4.065047438146305758e+00 -2.140467181550136377e+00 0.000000000000000000e+00
4.975513370690151760e+00 1.602707834347540938e+00 0.000000000000000000e+00
6.279062480436990334e+00 -3.855275120869419148e+00 0.000000000000000000e+00
6.289874771257987440e+00 -2.432090194664956240e+00 0.000000000000000000e+00
6.560927026806634643e+00 -3.576531731094642730e+00 0.000000000000000000e+00
4.286929506141677670e+00 2.067446375277457005e+00 0.000000000000000000e+00
8.712978098143306482e+00 -5.549028913174025579e-01 0.000000000000000000e+00
4.385465500504332148e+00 3.630895564174613233e-01 0.000000000000000000e+00
7.790809738578888144e+00 -1.042945804644816565e+00 0.000000000000000000e+00
5.437879728573897786e+00 7.522096556219859398e-02 0.000000000000000000e+00
6.610897733665105136e+00 -2.703874423085572687e-01 0.000000000000000000e+00
9.359659529878786799e+00 4.433195773465740785e+00 0.000000000000000000e+00
6.366147937212090824e+00 6.230666654336294741e+00 0.000000000000000000e+00
7.720906337748637327e+00 3.122411972451542006e-01 0.000000000000000000e+00
9.335469375447168261e+00 3.301554773987893654e+00 0.000000000000000000e+00
3.426640319094624410e+00 -8.203450846534252605e-01 0.000000000000000000e+00
4.931107093818112297e+00 -1.055494116053667941e+00 0.000000000000000000e+00
9.346473053498893790e+00 2.233630459329601692e+00 0.000000000000000000e+00
5.267373673576752680e+00 -1.637412202639901615e+00 0.000000000000000000e+00
5.796788918502227439e+00 3.340663816862099900e+00 0.000000000000000000e+00
1.018293202248927720e+00 5.429847677824571228e+00 0.000000000000000000e+00
4.507530888069099184e+00 3.124978204772729917e+00 0.000000000000000000e+00
5.233806850080090278e+00 -6.442195554526124468e-01 0.000000000000000000e+00
7.446037182570551138e+00 8.436058847395619953e-01 0.000000000000000000e+00
2.856522932544649507e+00 -1.825595627621117600e+00 0.000000000000000000e+00
1.570817447997231575e+01 1.032783202254482724e+01 1.000000000000000000e+00
1.770695556719586961e+01 9.577536683969297471e+00 1.000000000000000000e+00
8.841885036503917661e+00 1.506844598886019604e+01 1.000000000000000000e+00
1.258639092263018000e+01 1.118564556792215292e+01 1.000000000000000000e+00
9.360274443795887578e+00 4.783790553788419331e+00 1.000000000000000000e+00
1.537143481286666002e+01 8.476868378814071292e+00 1.000000000000000000e+00
1.467722368277903655e+01 1.545059127916616148e+01 1.000000000000000000e+00
1.670145150419893199e+01 1.871173408247338088e+01 1.000000000000000000e+00
2.572549424929881923e+01 8.181757663359441324e+00 1.000000000000000000e+00
1.269368285605922075e+01 1.510875719946527340e+01 1.000000000000000000e+00
1.607383979630693460e+01 1.173203890807815242e+01 1.000000000000000000e+00
1.066272745792879206e+01 2.162946365974917740e+01 1.000000000000000000e+00
2.094176871613634461e+01 1.368266776152072062e+01 1.000000000000000000e+00
8.917698908088320664e+00 2.474251167809942942e+01 1.000000000000000000e+00
2.898785289845347179e+01 1.107341921850769850e+01 1.000000000000000000e+00
1.378677314449987712e+01 1.261095850746556124e+01 1.000000000000000000e+00
2.544248046956455411e+01 1.256964798466138866e+01 1.000000000000000000e+00
1.464147100703526760e+01 2.332343343706460814e+01 1.000000000000000000e+00
1.610378042994916825e+01 1.864738499155049212e+01 1.000000000000000000e+00
6.139118171201044305e+00 2.848396764885462318e+01 1.000000000000000000e+00
2.169115259407355367e+01 1.549296289096700541e+01 1.000000000000000000e+00
1.202281692987059003e+01 6.589472774704933755e+00 1.000000000000000000e+00
1.908556940064431373e+01 1.237820967231571778e+01 1.000000000000000000e+00
2.171236555754789066e+01 1.957615235401316056e+01 1.000000000000000000e+00
1.087415215389649070e+01 1.827895720383665079e+01 1.000000000000000000e+00
1.590152117307627044e+01 1.688728587120716185e+01 1.000000000000000000e+00
1.743393081903449371e+01 2.563460761672174826e+01 1.000000000000000000e+00
2.057367746202270808e+01 1.711001658404282466e+01 1.000000000000000000e+00
1.347394854005985643e+01 1.104792919861889366e+01 1.000000000000000000e+00
1.260683333537349426e+01 7.872257860640409888e+00 1.000000000000000000e+00
1.685645979996732180e+01 1.917785494234571075e+01 1.000000000000000000e+00
1.612849348157320861e+01 1.574158538397465357e+01 1.000000000000000000e+00
6.147251750397526138e+00 1.269942028940362455e+01 1.000000000000000000e+00
1.839214413745499144e+01 1.526444857838244751e+01 1.000000000000000000e+00
2.853708574971978607e+00 2.540057099658144679e+01 1.000000000000000000e+00
1.464848929809483913e+01 1.676294269057046549e+01 1.000000000000000000e+00
1.149254636862753998e+01 1.481520738553888705e+01 1.000000000000000000e+00
1.712567821059797879e+01 9.055846840063974668e+00 1.000000000000000000e+00
5.163845713026169904e+00 7.706455052492018787e+00 1.000000000000000000e+00
1.804301632078578521e+01 2.301367270686257527e+01 1.000000000000000000e+00
1.950676104121322396e+01 1.108834314301915214e+01 1.000000000000000000e+00
1.616088547460064007e+01 1.291332738783611589e+01 1.000000000000000000e+00
1.528985919608640387e+01 1.836184103469825857e+01 1.000000000000000000e+00
7.928952125327243472e+00 8.041032671889293937e+00 1.000000000000000000e+00
9.278074067856824314e+00 1.231108412818183240e+01 1.000000000000000000e+00
2.427713650372943732e+01 1.553889345337841910e+01 1.000000000000000000e+00
1.041100462822904937e+01 1.666309395423693118e+01 1.000000000000000000e+00
1.691221818803680677e+01 1.148554079812341122e+01 1.000000000000000000e+00
1.795681063014946233e+01 2.162704462856304133e+01 1.000000000000000000e+00
1.902142114395635986e+01 2.424560043446122393e+01 1.000000000000000000e+00
6.364848529808398325e+00 1.314762171490036913e+01 1.000000000000000000e+00
1.659509030511509309e+01 1.319638910255475039e+01 1.000000000000000000e+00
1.194427460878656788e+01 1.496004436903965562e+01 1.000000000000000000e+00
1.482668749495515570e+01 1.649469385048964654e+01 1.000000000000000000e+00
1.464193073353076002e+01 1.206626409962695234e+01 1.000000000000000000e+00
1.627972246810529100e+01 1.266547834493077929e+01 1.000000000000000000e+00
1.165405832703542188e+01 1.546484751036871330e+01 1.000000000000000000e+00
1.171068955803606393e+01 1.706378465491836849e+01 1.000000000000000000e+00
1.569809124495674446e+01 1.779195537552266870e+01 1.000000000000000000e+00
1.090921344151582772e+01 1.730989060651080891e+01 1.000000000000000000e+00
1.529095269053957473e+01 1.531190037861712661e+01 1.000000000000000000e+00
8.423303939976600319e+00 2.003349615613929302e+01 1.000000000000000000e+00
1.405417081978124649e+01 1.755024648623559713e+01 1.000000000000000000e+00
1.779324688709835200e+01 1.427330135217568063e+01 1.000000000000000000e+00
2.001851585440459402e+01 1.335631998003225540e+01 1.000000000000000000e+00
1.022673085851485197e+01 1.379367496630020362e+01 1.000000000000000000e+00
1.255118705096456111e+01 1.439153834453209946e+01 1.000000000000000000e+00
8.681906121717783975e+00 1.556953142041314386e+01 1.000000000000000000e+00
1.463997301174464205e+01 7.617449443484530569e+00 1.000000000000000000e+00
1.053164775039516243e+01 9.279634087167909939e+00 1.000000000000000000e+00
1.622726761721131794e+01 1.548060862967053097e+01 1.000000000000000000e+00
1.894424660955405670e+01 1.726779298828902753e+01 1.000000000000000000e+00
1.116190518351922201e+01 1.998771503295443352e+01 1.000000000000000000e+00
1.566165715737993480e+01 1.518480129503278064e+01 1.000000000000000000e+00
1.050468775856891845e+01 8.033920728421666269e+00 1.000000000000000000e+00
1.436323981526325255e+01 1.260035835804905879e+01 1.000000000000000000e+00
1.354310347739381903e+01 2.035103752389172627e+01 1.000000000000000000e+00
1.748923245749539390e+01 2.262013232964089227e+01 1.000000000000000000e+00
1.803206706624975908e+01 1.822880551373189206e+01 1.000000000000000000e+00
1.886381861165413554e+01 1.292458886087728587e+01 1.000000000000000000e+00
8.956485000438675570e+00 2.445917066627668390e+01 1.000000000000000000e+00
1.613040914226781553e+01 1.752906849084694585e+01 1.000000000000000000e+00
1.314313789275022515e+01 1.061166758781815389e+01 1.000000000000000000e+00
1.128620879826073775e+01 1.969438832868160461e+01 1.000000000000000000e+00
1.065978347495446421e+01 1.249992735829926715e+01 1.000000000000000000e+00
1.164469989044863318e+01 1.442859992368196131e+01 1.000000000000000000e+00
1.559040497486305199e+01 1.315658798750546055e+01 1.000000000000000000e+00
5.842935541718276227e+00 2.215660094308601558e+01 1.000000000000000000e+00
1.205666393555685190e+01 1.381365658253437623e+01 1.000000000000000000e+00
1.723438909260801921e+01 1.198278447140364733e+01 1.000000000000000000e+00
1.113909115526661964e+01 1.533128792823684172e+01 1.000000000000000000e+00
1.201899598853035656e+01 2.587348542371178439e+01 1.000000000000000000e+00
2.018637482755907442e+01 1.097802394250740932e+01 1.000000000000000000e+00
1.619773441849842754e+01 1.490390948365983803e+01 1.000000000000000000e+00
1.686335898883858775e+01 1.504445165984333954e+01 1.000000000000000000e+00
2.891849582108535088e+01 1.062103516535231051e+01 1.000000000000000000e+00
1.534298274349671054e+01 1.455738243852567670e+01 1.000000000000000000e+00
9.531774593893125314e-01 1.312256647013569832e+01 1.000000000000000000e+00
6.924779078473303429e+00 1.050133885635030317e+01 1.000000000000000000e+00
9.800535270526548715e+00 1.261264583519223770e+01 1.000000000000000000e+00
9.070725390871578142e+00 1.294670649653638606e+01 1.000000000000000000e+00
1.033267896280846898e+01 1.655218809616827258e+01 1.000000000000000000e+00
1.046210593829821711e+01 9.128989415961303422e+00 1.000000000000000000e+00
1.132756916187136120e+01 2.021810802582428579e+01 1.000000000000000000e+00
2.547298765927166997e+01 1.709507307060133385e+01 1.000000000000000000e+00
1.146562007235013780e+01 2.036915517913480045e+01 1.000000000000000000e+00
2.015946828541809666e+01 1.509440184125608475e+01 1.000000000000000000e+00
1.765650779105165213e+01 1.583061139787675131e+01 1.000000000000000000e+00
1.284267210019832461e+01 1.289750095236186844e+01 1.000000000000000000e+00
1.447409484001873636e+01 1.458897915795003009e+01 1.000000000000000000e+00
1.978684731511714290e+01 2.004220525724254287e+01 1.000000000000000000e+00
2.212963441004070830e+00 9.338413318449303446e+00 1.000000000000000000e+00
2.915916925900963008e+01 1.433450007741985921e+01 1.000000000000000000e+00
1.916535089841647022e+01 1.474875360101611577e+01 1.000000000000000000e+00
6.165581993843710862e+00 1.616526938225743848e+01 1.000000000000000000e+00
1.344766701926098484e+01 1.043076866329577257e+01 1.000000000000000000e+00
1.299671999911658204e+01 1.091602861450132878e+01 1.000000000000000000e+00
1.313211528737279465e+01 1.245585153494064734e+01 1.000000000000000000e+00
1.047025460886848691e+01 9.367472201775495222e+00 1.000000000000000000e+00
1.004208719408995343e+01 1.132593025509073570e+01 1.000000000000000000e+00
8.765314680135880110e+00 1.141117963805924518e+01 1.000000000000000000e+00
1.158609259257653434e+01 2.623112379206943601e+01 1.000000000000000000e+00
1.920110752536887588e+01 2.027650425421290947e+01 1.000000000000000000e+00
1.721238034105028802e+01 1.226281594537336339e+01 1.000000000000000000e+00
1.584422485845676931e+01 1.455334700734179876e+01 1.000000000000000000e+00
1.206659599543545447e+01 2.225877016832365030e+01 1.000000000000000000e+00
1.038380295495319672e+01 1.934869001745462214e+01 1.000000000000000000e+00
1.264674874337326216e+01 3.357209897424608513e+00 1.000000000000000000e+00
1.793882337172593822e+01 1.344914310314238648e+01 1.000000000000000000e+00
1.965100154044774072e+01 7.127453508415358741e+00 1.000000000000000000e+00
1.708400296408140662e+01 1.881237750199257164e+01 1.000000000000000000e+00
1.258847973333179837e+01 1.636340874261605549e+01 1.000000000000000000e+00
1.758545440412137850e+01 1.560387046770470754e+01 1.000000000000000000e+00
1.671413813424277706e+01 1.395472099020476620e+01 1.000000000000000000e+00
1.523863254246675858e+01 2.418580151988140159e+01 1.000000000000000000e+00
8.915407082838086694e+00 2.203398196222958205e+01 1.000000000000000000e+00
1.442676903898827412e+01 1.039209507804417143e+01 1.000000000000000000e+00
2.070990294951501909e+01 1.909695804151255416e+01 1.000000000000000000e+00
1.773436118053999522e+01 1.329396089947788262e+01 1.000000000000000000e+00
1.494117839227532230e+01 2.414277432940102486e+01 1.000000000000000000e+00
9.726258468665069046e+00 1.425079657401903255e+01 1.000000000000000000e+00
1.862247290586437742e+01 1.537193871463893302e+01 1.000000000000000000e+00
1.003222765402451699e+01 7.893509434483048537e+00 1.000000000000000000e+00
2.026072728178738913e+01 1.540791107502883861e+01 1.000000000000000000e+00
3.036758875530654933e+00 8.207647841654967635e+00 1.000000000000000000e+00
9.404595657374413165e+00 1.480731372815517766e+01 1.000000000000000000e+00
1.608745756252037751e+01 1.912991209332919240e+01 1.000000000000000000e+00
1.055557217537367443e+01 1.675204046983914452e+01 1.000000000000000000e+00
1.810240305691863227e+01 7.504679982133124483e+00 1.000000000000000000e+00
1.636975546171400353e+01 1.579106931970962791e+01 1.000000000000000000e+00
2.030037031367717049e+01 5.890741363652578499e+00 1.000000000000000000e+00
1.964245698326422840e+01 2.241331082684138565e+01 1.000000000000000000e+00
1.604232907948094677e+01 1.007920198032937087e+01 1.000000000000000000e+00
1.137223935126135643e+01 1.445297607184283528e+01 1.000000000000000000e+00
1.540188335404698705e+01 1.791472889350452036e+01 1.000000000000000000e+00
1.102496897537886866e+01 1.829374586052054852e+01 1.000000000000000000e+00
1.195233639330704456e+01 1.274749616041852462e+01 1.000000000000000000e+00
2.122577009958076744e+01 1.088884054384050160e+01 1.000000000000000000e+00
2.244272118987041154e+01 1.086304498375745808e+01 1.000000000000000000e+00
1.817236164532738130e+01 1.853358205625131561e+01 1.000000000000000000e+00
7.249598557001831978e+00 1.542245199344542073e+01 1.000000000000000000e+00
1.327158520511900797e+01 2.491697244234144648e+01 1.000000000000000000e+00
1.892274996693514666e+01 1.193494592194944204e+01 1.000000000000000000e+00
2.615759955972887241e+01 1.717875606289284462e+01 1.000000000000000000e+00
1.261951001044801579e+01 2.321833844592114815e+01 1.000000000000000000e+00
1.854171454219141069e+01 1.734243634154488234e+01 1.000000000000000000e+00
1.695166604236834829e+01 8.955629179969880838e+00 1.000000000000000000e+00
9.778024061102154718e+00 9.926684255788433831e+00 1.000000000000000000e+00
1.503975182863928950e+01 2.311897687057125950e+01 1.000000000000000000e+00
1.008462820945426408e+01 7.939584724750812228e+00 1.000000000000000000e+00
2.311914790120656349e+01 1.630072717223048073e+01 1.000000000000000000e+00
1.450851000977422700e+01 1.632543807418355897e+01 1.000000000000000000e+00
9.116422943785686073e+00 1.364948393703367913e+01 1.000000000000000000e+00
1.963439321159041739e+01 1.832184486031048820e+01 1.000000000000000000e+00
1.940502192025588712e+01 1.164314317337454696e+01 1.000000000000000000e+00
1.446492160837649621e+01 1.722563720715147184e+01 1.000000000000000000e+00
1.104665831123187303e+01 1.543691346521188201e+01 1.000000000000000000e+00
7.834886610440071841e+00 1.877666464393239210e+01 1.000000000000000000e+00
1.387121438519742433e+01 1.530731760147776299e+01 1.000000000000000000e+00
1.258226145906838234e+01 7.984826474077755698e+00 1.000000000000000000e+00
4.109397620439795062e+00 1.808272601440936356e+01 1.000000000000000000e+00
1.337172872241644228e+01 2.628737232365799059e+01 1.000000000000000000e+00
2.117822764696502702e+01 5.353103818345950060e+00 1.000000000000000000e+00
1.768280479087034607e+01 1.957249334738036595e+01 1.000000000000000000e+00
1.894931357158229090e+01 1.653768984826292154e+01 1.000000000000000000e+00
1.144227805425267341e+01 8.004403497000318168e+00 1.000000000000000000e+00
1.646068343508314413e+01 1.421763052743446565e+01 1.000000000000000000e+00
1.976724486461143471e+01 1.355296780613088359e+01 1.000000000000000000e+00
1.502602478748202408e+01 9.299250252030898167e+00 1.000000000000000000e+00
1.567516302741943157e+01 1.140984311616581515e+01 1.000000000000000000e+00
9.008312065283032410e+00 1.254922852804948796e+01 1.000000000000000000e+00
1.148559454165225802e+01 2.275830111993462523e+01 1.000000000000000000e+00
1.844225070355022922e+01 2.271304898819726859e+01 1.000000000000000000e+00
2.355524943741495392e+01 1.032326239862277362e+01 1.000000000000000000e+00
2.027828037796996696e+01 1.824880250602954135e+01 1.000000000000000000e+00
1.794376801365202212e+01 1.163663333303550118e+01 1.000000000000000000e+00
1.421956240198969290e+01 1.597412467344458520e+01 1.000000000000000000e+00
1.552512627172143311e+01 1.576567384164172303e+01 1.000000000000000000e+00
5.967390446671549498e+00 1.670927628651918795e+01 1.000000000000000000e+00
2.286839730964289785e+01 1.750750008169316629e+01 1.000000000000000000e+00
1.793800190722246057e+01 1.538841573091075254e+01 1.000000000000000000e+00
2.333305724244564772e+01 1.030500739414850742e+01 1.000000000000000000e+00
1.586934199672817769e+01 2.502263944762948711e+01 1.000000000000000000e+00
5.269757261134177639e+00 1.229408527580284627e+01 1.000000000000000000e+00
1.553967937602315708e+01 1.359817944747250884e+01 1.000000000000000000e+00
1.395602040254825837e+01 1.968263801139293889e+01 1.000000000000000000e+00
1.189001566916576991e+01 7.236208370038839988e+00 1.000000000000000000e+00
1.947219673401713180e+01 1.342219702552554850e+01 1.000000000000000000e+00
1.519906711595364257e+01 1.365029732694135944e+01 1.000000000000000000e+00
1.270802369394308684e+01 1.922860483817973076e+01 1.000000000000000000e+00
4.573107980613817958e+00 1.592241070755582122e+01 1.000000000000000000e+00
1.671816043811888264e+01 1.767587923340038714e+01 1.000000000000000000e+00
1.114345411883705239e+01 1.869835175329469124e+01 1.000000000000000000e+00
2.031189247679295917e+01 1.710683176376341308e+01 1.000000000000000000e+00
1.614327450883091686e+01 1.681161047680382836e+01 1.000000000000000000e+00
2.128287557347492864e+00 1.455307874463206197e+01 1.000000000000000000e+00
2.343793734063520162e+01 1.606368705046872591e+01 1.000000000000000000e+00
2.165723922735205420e+01 1.740778029505001356e+01 1.000000000000000000e+00
1.227722247633452568e+01 1.742394073481417749e+01 1.000000000000000000e+00
1.275898006152379160e+01 1.072128645567053340e+01 1.000000000000000000e+00
1.296204495973569948e+01 1.232131181126627517e+01 1.000000000000000000e+00
1.495582186678582381e+01 1.991972358566565049e+01 1.000000000000000000e+00
1.014220995889490240e+01 1.408093275867617322e+01 1.000000000000000000e+00
1.507767577837834949e+01 1.260470944090142531e+01 1.000000000000000000e+00
1.545725422056865384e+01 1.625421171570514289e+01 1.000000000000000000e+00
1.510880280465814174e+01 1.454644867725530233e+01 1.000000000000000000e+00
1.433279473066831144e+01 1.124772478039787238e+01 1.000000000000000000e+00
2.324829556883040382e+01 1.236392920607904777e+01 1.000000000000000000e+00
1.298918999737396973e+01 6.771044350157330527e+00 1.000000000000000000e+00
2.389995148003522729e+01 1.040366176233970386e+01 1.000000000000000000e+00
1.893799633903916302e+01 1.615297816200831704e+01 1.000000000000000000e+00
1.202909389102935833e+01 1.619367373198596383e+01 1.000000000000000000e+00
1.612759895498772167e+01 1.951021278143380400e+01 1.000000000000000000e+00
1.502484321890551477e+01 1.339434946914721714e+01 1.000000000000000000e+00
1.240754425703541131e+01 2.371013706018985090e+01 1.000000000000000000e+00
1.740526578922825252e+01 1.095732041110982991e+01 1.000000000000000000e+00
1.362440156771550903e+01 1.214677465282559155e+01 1.000000000000000000e+00
1.388707799886725880e+01 2.922006461712550873e+01 1.000000000000000000e+00
1.453217008817552802e+01 1.481151451262347862e+01 1.000000000000000000e+00
1.897630014110485774e+01 7.088816381210877537e+00 1.000000000000000000e+00
1.848905273804566818e+01 1.668116398683546464e+01 1.000000000000000000e+00
1.971148226325233566e+01 1.474008055076964041e+01 1.000000000000000000e+00
1.509617014927645151e+01 1.135645383647718987e+01 1.000000000000000000e+00
1.995285809593544002e+01 1.357250184144952776e+01 1.000000000000000000e+00
9.380342055465586526e+00 2.008798837893442624e+01 1.000000000000000000e+00
8.589331743311776179e+00 1.830779308914806336e+01 1.000000000000000000e+00
1.332745527171277011e+01 1.696578399838287510e+01 1.000000000000000000e+00
1.388700689671356692e+01 1.390363142217051262e+01 1.000000000000000000e+00
7.706758602656391233e+00 1.837723456345588957e+01 1.000000000000000000e+00
2.305093224082790826e+01 9.991108115044237792e+00 1.000000000000000000e+00
1.823553260355872041e+01 1.523623944201691138e+01 1.000000000000000000e+00
1.590922999212728328e+01 2.150228618946386661e+01 1.000000000000000000e+00
9.910642482980636103e+00 1.524294438517788031e+01 1.000000000000000000e+00
1.569335513560138828e+01 1.820232843454993343e+01 1.000000000000000000e+00
1.920504376321024154e+01 1.060194781730360347e+01 1.000000000000000000e+00
2.122221614045896487e+01 2.015573564932052264e+01 1.000000000000000000e+00
1.465788419993251068e+01 1.842398546850432339e+01 1.000000000000000000e+00
3.080014204930605004e+01 1.467083194740343899e+01 1.000000000000000000e+00
1.510428841099179564e+01 1.521618400820709915e+01 1.000000000000000000e+00
1.589453499132243408e+01 1.801951018054358400e+01 1.000000000000000000e+00
2.333382929150640095e+01 2.225297703649821912e+01 1.000000000000000000e+00
1.058251501579685439e+01 1.267803714973436868e+01 1.000000000000000000e+00
1.888238323415655628e+01 1.779096127818336726e+01 1.000000000000000000e+00
1.924976478818064152e+01 1.821148923658527607e+01 1.000000000000000000e+00
1.597676619551286059e+01 1.706024684008869485e+01 1.000000000000000000e+00
1.905612482093006221e+01 1.336246077996236181e+01 1.000000000000000000e+00
1.015522065322340950e+01 2.313312162261891558e+01 1.000000000000000000e+00
1.595409654083698392e+01 2.074099691701075088e+01 1.000000000000000000e+00
2.195205642292001968e+01 1.096287930609241634e+01 1.000000000000000000e+00
2.114652308099350719e+01 1.968857391606062635e+01 1.000000000000000000e+00
5.522045782176469686e+00 2.403854877815028956e+01 1.000000000000000000e+00
1.105349643589818953e+01 2.215069931304448048e+01 1.000000000000000000e+00
1.092240804909967800e+01 2.019531716697278156e+01 1.000000000000000000e+00
1.233614144984481165e+01 1.946821965224389928e+01 1.000000000000000000e+00
1.835446195411614312e+01 8.953820478538723648e+00 1.000000000000000000e+00
1.367396595858603803e+01 1.043361027009005859e+01 1.000000000000000000e+00
7.365551904270268402e+00 1.121676390675362178e+01 1.000000000000000000e+00
1.499783113742472729e+01 1.028790048479314478e+01 1.000000000000000000e+00
1.493216561950180576e+01 1.117534193817683530e+01 1.000000000000000000e+00
9.978521129819275970e+00 6.802864866199646698e+00 1.000000000000000000e+00
1.212921662724653515e+01 1.567846985734150955e+01 1.000000000000000000e+00
1.423648389564702299e+01 1.188403290227798692e+01 1.000000000000000000e+00
9.550604741474227666e+00 7.763983738506192722e+00 1.000000000000000000e+00
1.906205079741885555e+01 2.060019873638253785e+01 1.000000000000000000e+00
2.292181598755392713e+01 1.536012576683418551e+01 1.000000000000000000e+00
6.767897179467588842e+00 1.332146462388651287e+01 1.000000000000000000e+00
1.750096288862599891e+01 2.100071777855449184e+01 1.000000000000000000e+00
2.200515016457658390e+01 1.201723924180098990e+01 1.000000000000000000e+00
1.197355428674342193e+01 2.117004081665686144e+01 1.000000000000000000e+00
1.742745131990689700e+01 2.830762108378720399e+01 1.000000000000000000e+00
9.222307657250667035e+00 1.450672633143704537e+01 1.000000000000000000e+00
2.240585079152683434e+01 1.611240281290647047e+01 1.000000000000000000e+00
1.129177688425922454e+01 1.324826395235633392e+01 1.000000000000000000e+00
2.045498925736922757e+01 1.541997970385452632e+01 1.000000000000000000e+00
5.039252614208212577e+00 1.251404108904038281e+01 1.000000000000000000e+00
1.080224965892136701e+01 1.188218940631216469e+01 1.000000000000000000e+00
1.987412896505234983e+01 1.169781974226589583e+01 1.000000000000000000e+00
1.654662396754311970e+01 1.062936486239558675e+01 1.000000000000000000e+00
1.229234730690873079e+00 5.993757585177691638e+00 1.000000000000000000e+00
2.645495108087624914e+01 8.138172717347410767e+00 1.000000000000000000e+00
1.820816569307149635e+01 1.580045753875135794e+01 1.000000000000000000e+00
1.519488738042292830e+01 1.295252705879128996e+01 1.000000000000000000e+00
1.579974617658341352e+01 1.773763558396652584e+01 1.000000000000000000e+00
2.182961278602845212e+01 9.127837597509007139e+00 1.000000000000000000e+00
2.244585598060297471e+01 1.499980629794864129e+01 1.000000000000000000e+00
2.250629821629243210e+01 1.084846938056782051e+01 1.000000000000000000e+00
1.926205866844266268e+01 1.588161282703947030e+01 1.000000000000000000e+00
2.262626198993828908e+01 1.216882243678358044e+01 1.000000000000000000e+00
5.222897323563847394e+00 1.135114930903842456e+01 1.000000000000000000e+00
7.516793173623473656e+00 1.252627585521224063e+01 1.000000000000000000e+00
1.177129130909350430e+01 1.859931879387841391e+01 1.000000000000000000e+00
1.820694296268461088e+01 1.222373803553373861e+01 1.000000000000000000e+00
1.002074513716359938e+01 1.856998846486121479e+01 1.000000000000000000e+00
7.767515555168881036e+00 8.567911404016884447e+00 1.000000000000000000e+00
2.232180068769794090e+01 1.555723809427861504e+01 1.000000000000000000e+00
1.532415824152820782e+01 2.070837888656300052e+01 1.000000000000000000e+00
2.067226011416235920e+01 1.421277592721349237e+01 1.000000000000000000e+00
1.748236721839132457e+01 8.427892597746639680e+00 1.000000000000000000e+00
2.490012129055822143e+00 1.951009910393488767e+01 1.000000000000000000e+00
9.237578987164283717e+00 1.427020657591958219e+01 1.000000000000000000e+00
1.250739781985436316e+01 1.871967910831757109e+01 1.000000000000000000e+00
1.407387962842646445e+01 1.123962969390139222e+01 1.000000000000000000e+00
1.021591111210117120e+01 9.273931253851690926e+00 1.000000000000000000e+00
2.150129989238680750e+01 2.047113674937792283e+01 1.000000000000000000e+00
1.793214632757829463e+01 2.038043874574159986e+01 1.000000000000000000e+00
2.438537169240416347e+01 1.463043636394797353e+01 1.000000000000000000e+00
2.454684978988813526e+01 7.674997967794912057e+00 1.000000000000000000e+00
1.677559693583571487e+01 1.268175901923038751e+01 1.000000000000000000e+00
1.838031524433414177e+01 2.175740081551743188e+01 1.000000000000000000e+00
1.902889732393728650e+01 1.470607025169696236e+01 1.000000000000000000e+00
1.683648470568185473e+01 1.845075818900239639e+00 1.000000000000000000e+00
1.933155623719787997e+01 1.945780211815991834e+01 1.000000000000000000e+00
1.359195104265172560e+01 1.564941674321498155e+01 1.000000000000000000e+00
1.779825026466552274e+01 1.238154437003826303e+01 1.000000000000000000e+00
1.226197381924731644e+01 9.567132184534905548e+00 1.000000000000000000e+00
1.448278690612509223e+01 1.690336480300107524e+01 1.000000000000000000e+00
8.869815174343729680e+00 1.742814376464163928e+01 1.000000000000000000e+00
3.862480400579933359e+00 9.210982032995588042e+00 1.000000000000000000e+00
2.098598193399284995e+01 1.136939188213145435e+01 1.000000000000000000e+00
1.293834358934192075e+01 6.533008505425335954e+00 1.000000000000000000e+00
2.161655352831974852e+01 1.574784736117124062e+01 1.000000000000000000e+00
1.222759323284869737e+01 2.207355903396506136e+01 1.000000000000000000e+00
8.966470583595491206e+00 1.141426223053726474e+01 1.000000000000000000e+00
1.044359802474773780e+01 1.295061390620593755e+01 1.000000000000000000e+00
2.361280322949232868e+01 1.109664011018058005e+01 1.000000000000000000e+00
2.004233245949512465e+01 9.524489750097345109e+00 1.000000000000000000e+00
1.223085500989433427e+01 2.586200936434618924e+01 1.000000000000000000e+00
2.184217211563848693e+01 6.452482679034075019e+00 1.000000000000000000e+00
1.598883908231594830e+01 1.361508455676091245e+01 1.000000000000000000e+00
1.260091662567712234e+01 1.149701470054436570e+01 1.000000000000000000e+00
1.033804272330858254e+01 2.334621462299906369e+01 1.000000000000000000e+00
1.820319416213142105e+01 1.911497234511416465e+01 1.000000000000000000e+00
1.329499740469227653e+01 1.359918482675838369e+01 1.000000000000000000e+00
1.490655040380950602e+01 2.197400380318621416e+01 1.000000000000000000e+00
8.765687697794113831e+00 1.084961336820863664e+01 1.000000000000000000e+00
1.516382542567061442e+01 1.009969364978990924e+01 1.000000000000000000e+00
1.437438408510776533e+01 1.784658940061707000e+01 1.000000000000000000e+00
1.706179657530729443e+01 7.172753368948981745e+00 1.000000000000000000e+00
1.849132094264880521e+01 1.397229935868106132e+01 1.000000000000000000e+00
1.313617955947743710e+01 2.288878919258394262e+01 1.000000000000000000e+00
1.390324525488148311e+01 1.112836579240537915e+01 1.000000000000000000e+00
1.062088282635967218e+01 1.914172348400271062e+01 1.000000000000000000e+00
2.461394701800963958e+01 1.741529486082985301e+01 1.000000000000000000e+00
1.986577075390630043e+01 1.984961640274012140e+01 1.000000000000000000e+00
9.115826834294898262e+00 1.927757651248596460e+01 1.000000000000000000e+00
1.492620554937285249e+01 8.171812581908900697e+00 1.000000000000000000e+00
1.628401406776909965e+01 2.459362095107974255e+01 1.000000000000000000e+00
2.033287374475813181e+01 1.260948874674754094e+01 1.000000000000000000e+00
1.618119119982952725e+01 1.280089032725708087e+01 1.000000000000000000e+00
2.040788872251810204e+01 1.608945240474173843e+01 1.000000000000000000e+00
1.627741310453009049e+01 1.308052919132136616e+01 1.000000000000000000e+00
1.826567841373243439e+01 1.371610287872674405e+01 1.000000000000000000e+00
1.815953097461739674e+01 1.415099064150898123e+01 1.000000000000000000e+00
1.637255605126795288e+01 1.517874875160227255e+01 1.000000000000000000e+00
1.687880609572447455e+01 1.573497874610381508e+01 1.000000000000000000e+00
1.102985466453564634e+01 1.505573957047570666e+01 1.000000000000000000e+00
1.234765756834514505e+01 1.376217968818204973e+01 1.000000000000000000e+00
1.518162420182503958e+01 9.159696249478971097e+00 1.000000000000000000e+00
1.488752401738943831e+01 1.460318115156518815e+01 1.000000000000000000e+00
6.279024861383089018e+00 1.816461138337365355e+01 1.000000000000000000e+00
1.646287486018163548e+01 9.655439513668177653e+00 1.000000000000000000e+00
6.352681889246065694e+00 1.940941568467306411e+01 1.000000000000000000e+00
7.890456196649996201e+00 1.348319233230617797e+01 1.000000000000000000e+00
1.810161787395039923e+01 2.011999176945599288e+01 1.000000000000000000e+00
1.245685384702803944e+01 6.993625987623893536e+00 1.000000000000000000e+00
7.459628111058626665e+00 1.374655788990398975e+01 1.000000000000000000e+00
2.109563590696968660e+01 1.510498243605893265e+01 1.000000000000000000e+00
1.851275861872856154e+01 8.370917700959935814e+00 1.000000000000000000e+00
2.088525887606351716e+01 1.598108710066691529e+00 1.000000000000000000e+00
1.984623481939298983e+01 1.478662728332067822e+01 1.000000000000000000e+00
1.468042348108717299e+01 1.386592840239286772e+01 1.000000000000000000e+00
1.265493548989134354e+01 1.490846929381214991e+01 1.000000000000000000e+00
1.129815960392661900e+01 1.315421923086495681e+01 1.000000000000000000e+00
1.771843031182862660e+01 1.199470579185605246e+01 1.000000000000000000e+00
1.405086145219167548e+01 1.766846378569168508e+01 1.000000000000000000e+00
6.016400045576075328e+00 8.248164294748871583e+00 1.000000000000000000e+00
1.269392872801410732e+01 1.010391279865533498e+01 1.000000000000000000e+00
2.306856476905966247e+01 1.053043655141359913e+01 1.000000000000000000e+00
1.256917406725624531e+01 1.698686370883002184e+01 1.000000000000000000e+00
5.361904533251488303e+00 1.978590431405903516e+01 1.000000000000000000e+00
1.744238643187191329e+01 1.571114372392032976e+01 1.000000000000000000e+00
1.643653153810453915e+01 2.049680793240548127e+01 1.000000000000000000e+00
1.510038505120343721e+01 1.602887860843839718e+01 1.000000000000000000e+00
1.357964547413233269e+01 9.432981608531989082e+00 1.000000000000000000e+00
1.722372765000997319e+01 1.647036439354180004e+01 1.000000000000000000e+00
2.100376415941834907e+01 1.315416057247846204e+01 1.000000000000000000e+00
1.562733717684340462e+01 1.544537752691871724e+01 1.000000000000000000e+00
1.491362110230370952e+01 2.500757762707666743e+01 1.000000000000000000e+00
2.400350080713590017e+01 1.284546898883427346e+01 1.000000000000000000e+00
2.321123323973444741e+01 1.427257827581186689e+00 1.000000000000000000e+00
1.393490784827250017e+01 1.606741088267571627e+01 1.000000000000000000e+00
1.141859342936434984e+01 2.407119279492505015e+01 1.000000000000000000e+00
2.610256909240807488e+01 1.536082887618787218e+01 1.000000000000000000e+00
1.731173393654096060e+01 1.469673938446619665e+01 1.000000000000000000e+00
1.440399374201783722e+01 1.578479236968902377e+01 1.000000000000000000e+00
9.783714869154211513e+00 1.259841182327286369e+01 1.000000000000000000e+00
1.340008590665680899e+01 1.461023514122210543e+01 1.000000000000000000e+00
1.122718308084535010e+01 7.416107464015832207e+00 1.000000000000000000e+00
1.772332411718748091e+01 1.048339379069632216e+01 1.000000000000000000e+00
2.029886070342799087e+01 7.625877380878586465e+00 1.000000000000000000e+00
2.079945405758319765e+01 9.721909691071655146e+00 1.000000000000000000e+00
1.522252984932756092e+01 2.086736565581220049e+01 1.000000000000000000e+00
1.526959040156041070e+01 1.270469385892797476e+01 1.000000000000000000e+00
1.037972000435235032e+01 1.498687058303545783e+01 1.000000000000000000e+00
1.450655349437967523e+01 1.723705962455633767e+01 1.000000000000000000e+00
1.231964176214879814e+01 1.401414213371897688e+01 1.000000000000000000e+00
1.822587848011908562e+01 1.452937497576908932e+01 1.000000000000000000e+00
4.320560683291015280e+00 1.816851845780991326e+01 1.000000000000000000e+00
6.783913756381744875e+00 1.273460378338422316e+01 1.000000000000000000e+00
1.228110894004039721e+01 1.795064584472558877e+01 1.000000000000000000e+00
1.598162580249227638e+01 1.261481247984397314e+01 1.000000000000000000e+00
1.388408652342722682e+01 2.170240732518247384e+01 1.000000000000000000e+00
1.465236298120547254e+01 1.588314691590169225e+01 1.000000000000000000e+00
1.159761902556743962e+01 1.712780888344641994e+01 1.000000000000000000e+00
1.354271133667919536e+01 1.436509690856214227e+01 1.000000000000000000e+00
1.337269570803491270e+01 1.709074840042937637e+01 1.000000000000000000e+00
1.759239473968484546e+01 1.333740159794203883e+01 1.000000000000000000e+00
1.723580539428607494e+01 2.381483445555975464e+01 1.000000000000000000e+00
1.610503671234641487e+01 1.998595525487824887e+01 1.000000000000000000e+00
1.303955740545036690e+01 1.451573125718456758e+01 1.000000000000000000e+00
1.133935195518994377e+01 2.031541870824218421e+01 1.000000000000000000e+00
9.326705647274129873e+00 2.034709744761280703e+01 1.000000000000000000e+00
1.988884088409869122e+01 1.315658859789273727e+01 1.000000000000000000e+00
6.264433452025615523e+00 1.295393385740046099e+01 1.000000000000000000e+00
9.231923279128343651e+00 1.126632955510586243e+01 1.000000000000000000e+00
2.658381820629570313e+01 2.240718664121360604e+01 1.000000000000000000e+00
2.031521599822773183e+01 2.019808902875594470e+01 1.000000000000000000e+00
1.971664926444415045e+01 1.480012522289742449e+01 1.000000000000000000e+00
1.424508819768799839e+01 1.101284910933342331e+01 1.000000000000000000e+00
1.308556291478956979e+01 8.427168586808635453e+00 1.000000000000000000e+00
1.452930097682506627e+01 1.672945150663101899e+01 1.000000000000000000e+00
1.782925368613073047e+01 1.526751430890904615e+01 1.000000000000000000e+00
2.578919789364874759e+01 1.291257372285539162e+01 1.000000000000000000e+00
1.955900526260555239e+01 2.001002025299441556e+01 1.000000000000000000e+00
9.735465328315676459e+00 1.503779848649654838e+01 1.000000000000000000e+00
1.300114063087810656e+01 2.418437435711837225e+01 1.000000000000000000e+00
1.031607414142519197e+01 1.257327964631923400e+01 1.000000000000000000e+00
2.232805244204047668e+01 1.551594694531035756e+01 1.000000000000000000e+00
1.757980144532592703e+01 2.011424735431252842e+01 1.000000000000000000e+00
2.029691424204041184e+01 1.732209763048787465e+01 1.000000000000000000e+00
1.753684302857059762e+01 1.466922175914244342e+01 1.000000000000000000e+00
1.870330119517553058e+01 1.401562187569906293e+01 1.000000000000000000e+00
1.786619010243410344e+01 8.931761100671238296e+00 1.000000000000000000e+00
2.484564598186443263e+01 1.765803146796427825e+01 1.000000000000000000e+00
1.775916341287501510e+01 2.461947844593944268e+01 1.000000000000000000e+00
1.430183819207289808e+01 7.651246216515830589e+00 1.000000000000000000e+00
2.607445506424182469e+01 1.488736294369483559e+01 1.000000000000000000e+00
8.653165030066610086e+00 2.705169941566958158e+01 1.000000000000000000e+00
1.342066498754824089e+01 9.170464945983731297e+00 1.000000000000000000e+00
6.694728721841100239e+00 1.826219890782593325e+01 1.000000000000000000e+00
8.764289040178589119e+00 1.053482253407348423e+01 1.000000000000000000e+00
8.502487081489434217e+00 4.348435956261106128e+00 1.000000000000000000e+00
1.760954444348392300e+01 1.554678279694778809e+01 1.000000000000000000e+00
1.643099954395795592e+01 1.078526360318524624e+01 1.000000000000000000e+00
1.978847306346374424e+01 1.437533277618102545e+01 1.000000000000000000e+00
1.852875212380063275e+01 1.237046528765676712e+01 1.000000000000000000e+00
2.432818119271883361e+01 8.214386470911808402e+00 1.000000000000000000e+00
1.548747678686460105e+01 7.900567356884245385e+00 1.000000000000000000e+00
2.020610790352409225e+01 1.595643366785346906e+01 1.000000000000000000e+00
1.302281682711961786e+01 2.784519042589786153e+01 1.000000000000000000e+00
1.558023522571765973e+01 1.300235865644562949e+01 1.000000000000000000e+00
1.449526122780374671e+01 1.179864266497226666e+01 1.000000000000000000e+00
3.135416066314307315e+01 8.680543189654340352e+00 1.000000000000000000e+00
1.468565424218792970e+01 1.208576105021209912e+01 1.000000000000000000e+00
3.081561286484431506e+00 1.519893723799547480e+01 1.000000000000000000e+00
2.245347645366141265e+01 1.278150242168249839e+01 1.000000000000000000e+00
2.155872135420644753e+01 1.358620406560307181e+01 1.000000000000000000e+00
5.949138953022025333e+00 1.347722714728805649e+01 1.000000000000000000e+00
7.717023085846226316e+00 1.216776205433704661e+01 1.000000000000000000e+00
1.776463700826804626e+01 8.097382700460583393e+00 1.000000000000000000e+00
1.364587464877351763e+01 1.749452286839670023e+01 1.000000000000000000e+00
1.742824058904294660e+01 9.981338408992433742e+00 1.000000000000000000e+00
1.697431658939092713e+01 1.393006960803544558e+01 1.000000000000000000e+00
1.840176957924960988e+01 1.798551652314913696e+01 1.000000000000000000e+00
1.356625869162605724e+01 8.555711040759259589e+00 1.000000000000000000e+00
-3.790332725758137400e+00 6.979192391475145030e+00 1.000000000000000000e+00
2.250044141648307772e+01 1.600327907058429844e+01 1.000000000000000000e+00
6.385255496593311264e+00 4.883713891359471759e+00 1.000000000000000000e+00
9.411485135523026457e+00 1.339967236323595756e+01 1.000000000000000000e+00
1.938493195407264480e+01 1.838638289432446626e+01 1.000000000000000000e+00
3.033863466233142248e+01 1.206734492889392385e+01 2.000000000000000000e+00
3.069286200177838708e+01 1.201882487128876065e+01 2.000000000000000000e+00
3.424543953338262270e+01 1.415230504194744121e+01 2.000000000000000000e+00
3.213929814975338672e+01 1.403273032228867834e+01 2.000000000000000000e+00
3.112884431559431064e+01 1.759882684506327521e+01 2.000000000000000000e+00
3.468864953439592824e+01 1.268815334001471484e+01 2.000000000000000000e+00
3.281562123822092047e+01 1.693675806982567877e+01 2.000000000000000000e+00
3.074526335727532356e+01 1.592677382299679856e+01 2.000000000000000000e+00
2.977057965365320769e+01 1.882519100524245559e+01 2.000000000000000000e+00
3.245149478623527983e+01 1.352848329431376406e+01 2.000000000000000000e+00
3.380799504652019039e+01 1.505323597830591353e+01 2.000000000000000000e+00
2.919655593316601383e+01 1.582181390566639578e+01 2.000000000000000000e+00
3.272836405980417851e+01 1.262618362466203337e+01 2.000000000000000000e+00
3.282648328485683464e+01 1.661870950291412186e+01 2.000000000000000000e+00
3.126450526858831580e+01 1.530571025654002959e+01 2.000000000000000000e+00
3.436641923573812818e+01 1.382151532981157338e+01 2.000000000000000000e+00
2.881320527153757638e+01 1.261355915047655785e+01 2.000000000000000000e+00
3.039508323937443279e+01 1.426935003761486875e+01 2.000000000000000000e+00
3.169886238452770044e+01 1.494323148990233108e+01 2.000000000000000000e+00
2.966712159101953361e+01 1.756866101131892677e+01 2.000000000000000000e+00
3.205941409604039904e+01 1.670453053583575809e+01 2.000000000000000000e+00
3.125441618713248459e+01 1.281062358942547874e+01 2.000000000000000000e+00
2.924900540504455648e+01 1.111995247511483242e+01 2.000000000000000000e+00
3.137094714464672762e+01 1.779041030045255312e+01 2.000000000000000000e+00
3.363234173169829688e+01 1.608138567227751281e+01 2.000000000000000000e+00
3.159241399693607733e+01 1.666271990572176520e+01 2.000000000000000000e+00
3.107905339576521797e+01 1.679278915574309750e+01 2.000000000000000000e+00
3.307865324952989283e+01 1.824133531572737255e+01 2.000000000000000000e+00
3.066446296729138155e+01 1.299676530375588790e+01 2.000000000000000000e+00
3.310962261887070923e+01 1.340634220722291126e+01 2.000000000000000000e+00
3.027714801448691162e+01 1.695349787259565133e+01 2.000000000000000000e+00
3.413912552838375802e+01 1.146647350728357750e+01 2.000000000000000000e+00
2.993019104822530352e+01 1.727639957855696196e+01 2.000000000000000000e+00
2.972104108898485819e+01 1.482770057149095599e+01 2.000000000000000000e+00
3.237539162296301498e+01 1.439569371748243931e+01 2.000000000000000000e+00
3.090530124198970441e+01 1.388062088824748841e+01 2.000000000000000000e+00
3.230012305173837461e+01 1.354569201716576110e+01 2.000000000000000000e+00
3.083972941037672300e+01 1.763754863359976710e+01 2.000000000000000000e+00
3.128427741016173869e+01 1.586930161959438301e+01 2.000000000000000000e+00
3.252633517348513692e+01 1.654276719613111268e+01 2.000000000000000000e+00
3.161819473171829387e+01 1.658206981137928082e+01 2.000000000000000000e+00
2.711197147063347401e+01 1.192443500291218683e+01 2.000000000000000000e+00
3.035404132545016864e+01 1.491448287918722215e+01 2.000000000000000000e+00
3.228642842935182955e+01 1.480415574752118424e+01 2.000000000000000000e+00
2.879915785730027267e+01 1.511662567719975314e+01 2.000000000000000000e+00
2.962633099026665917e+01 1.667880924478915361e+01 2.000000000000000000e+00
2.800493081640067672e+01 1.298288961311618728e+01 2.000000000000000000e+00
3.375620384955298192e+01 1.809305390332871610e+01 2.000000000000000000e+00
3.062473949813809782e+01 1.507159325032103503e+01 2.000000000000000000e+00
2.924506985939162007e+01 1.454604114255488589e+01 2.000000000000000000e+00
2.924983884779813792e+01 1.668227118062462466e+01 2.000000000000000000e+00
2.852937272438288829e+01 1.743507201496845838e+01 2.000000000000000000e+00
3.203426177646157669e+01 1.174130894985387741e+01 2.000000000000000000e+00
3.159295686079705590e+01 1.380665974579678767e+01 2.000000000000000000e+00
2.830351348333094919e+01 1.609408857752143263e+01 2.000000000000000000e+00
3.061425368785781131e+01 1.462814920951598729e+01 2.000000000000000000e+00
2.939902965407562974e+01 1.399007253655435434e+01 2.000000000000000000e+00
3.134061354855298731e+01 1.916488778536377779e+01 2.000000000000000000e+00
2.980701677426593577e+01 1.402070405596590419e+01 2.000000000000000000e+00
3.402381386105088978e+01 1.478342065685318119e+01 2.000000000000000000e+00
3.155057013299868274e+01 1.669610973427160516e+01 2.000000000000000000e+00
3.477478601202459174e+01 1.596460799827453236e+01 2.000000000000000000e+00
3.138014965486269148e+01 1.477763857969854300e+01 2.000000000000000000e+00
3.273988959175889590e+01 1.278452448751122539e+01 2.000000000000000000e+00
3.549571274566631729e+01 1.457625499637936706e+01 2.000000000000000000e+00
2.977606311787685556e+01 1.534553554133814401e+01 2.000000000000000000e+00
3.195437680660567281e+01 1.573990364729027824e+01 2.000000000000000000e+00
3.001528547554310933e+01 1.361942112738917388e+01 2.000000000000000000e+00
3.118076770580492507e+01 1.486239961710703916e+01 2.000000000000000000e+00
3.160881865956571701e+01 1.308224442399509968e+01 2.000000000000000000e+00
3.075404632359659374e+01 1.415690816190108769e+01 2.000000000000000000e+00
2.842387351111050009e+01 1.685927823137726733e+01 2.000000000000000000e+00
3.315423319029677884e+01 1.208181331156602845e+01 2.000000000000000000e+00
2.833170669076609727e+01 1.705094506010834721e+01 2.000000000000000000e+00
2.916355988961132084e+01 1.544156115986218936e+01 2.000000000000000000e+00
3.008935038806769313e+01 1.382052674981198592e+01 2.000000000000000000e+00
3.607241206494354202e+01 1.702610787316719154e+01 2.000000000000000000e+00
3.220082282516723637e+01 1.770238515071403995e+01 2.000000000000000000e+00
3.197058354458658869e+01 1.496380070157081654e+01 2.000000000000000000e+00
3.218446940962510894e+01 1.530483088836054861e+01 2.000000000000000000e+00
2.983861357787359481e+01 1.244409214415153464e+01 2.000000000000000000e+00
3.253792257962243184e+01 1.674528309264886872e+01 2.000000000000000000e+00
3.342761860925827477e+01 1.635925470147351746e+01 2.000000000000000000e+00
2.962274965644551727e+01 1.608280380217700767e+01 2.000000000000000000e+00
3.618820593101577288e+01 1.806713840704444607e+01 2.000000000000000000e+00
2.743376050376405573e+01 1.322146500405949787e+01 2.000000000000000000e+00
3.102959166276212244e+01 1.511058589294842491e+01 2.000000000000000000e+00
2.933626481518436435e+01 1.621039550735376977e+01 2.000000000000000000e+00
3.033575260971949206e+01 1.646378929908796707e+01 2.000000000000000000e+00
3.132503751863465880e+01 1.590454136091624981e+01 2.000000000000000000e+00
3.161525308533640555e+01 9.402934121140241075e+00 2.000000000000000000e+00
2.587830617204280159e+01 1.238337098887202004e+01 2.000000000000000000e+00
3.089856765057204768e+01 1.156455122198346075e+01 2.000000000000000000e+00
3.252562041968569417e+01 1.618990841193495456e+01 2.000000000000000000e+00
3.306656440092008609e+01 1.579806361303179507e+01 2.000000000000000000e+00
2.541283299710460497e+01 1.451804719989454995e+01 2.000000000000000000e+00
2.985323320717693463e+01 1.313029902162732476e+01 2.000000000000000000e+00
3.013164461916235481e+01 1.403877490738860168e+01 2.000000000000000000e+00
3.218468735686072080e+01 1.509399148783727007e+01 2.000000000000000000e+00
2.714481600340258183e+01 1.524798861595636090e+01 2.000000000000000000e+00
3.399777865831508450e+01 1.210658666360534319e+01 2.000000000000000000e+00
2.982598229070049456e+01 1.321915466416480101e+01 2.000000000000000000e+00
3.282001336649614132e+01 1.287275478253005723e+01 2.000000000000000000e+00
2.924797806646889242e+01 1.552851529949314546e+01 2.000000000000000000e+00
3.473755343113987237e+01 1.345862393304523508e+01 2.000000000000000000e+00
3.087662190693528075e+01 1.658747352594321001e+01 2.000000000000000000e+00
3.194891149331123259e+01 1.953442000016194413e+01 2.000000000000000000e+00
3.079238320514452099e+01 1.258644034504839482e+01 2.000000000000000000e+00
2.939945343991110249e+01 1.634387021531203743e+01 2.000000000000000000e+00
3.319991969124826170e+01 1.539734635399236851e+01 2.000000000000000000e+00
3.101687628995920676e+01 1.642328560246702551e+01 2.000000000000000000e+00
3.198301976475431729e+01 1.064961323098497203e+01 2.000000000000000000e+00
2.982230120457791145e+01 1.272544931246659061e+01 2.000000000000000000e+00
2.891285527556816959e+01 1.264949539121201383e+01 2.000000000000000000e+00
2.768676693506975894e+01 1.709935902824479470e+01 2.000000000000000000e+00
2.937049322697209419e+01 1.618844490592162799e+01 2.000000000000000000e+00
3.390782833993829115e+01 1.082453722548111941e+01 2.000000000000000000e+00
2.928381334679249903e+01 1.553530326186411337e+01 2.000000000000000000e+00
3.426065876311764669e+01 1.248958396954068206e+01 2.000000000000000000e+00
3.251676445038922481e+01 1.548820316178402123e+01 2.000000000000000000e+00
3.113467481594395991e+01 1.610820916307741513e+01 2.000000000000000000e+00
3.273067856455187297e+01 1.639339903367159579e+01 2.000000000000000000e+00
3.175911738683869245e+01 1.374909596638570974e+01 2.000000000000000000e+00
2.887982682858818251e+01 1.752910452665904018e+01 2.000000000000000000e+00
3.214824992085186040e+01 1.596467068457579153e+01 2.000000000000000000e+00
3.078049262036600453e+01 1.752665633684125979e+01 2.000000000000000000e+00
3.608153112160657372e+01 1.609969140212957939e+01 2.000000000000000000e+00
3.072799068616150464e+01 1.130167548495196783e+01 2.000000000000000000e+00
3.184999113701882933e+01 1.327557454396105463e+01 2.000000000000000000e+00
2.935081729372105741e+01 1.636469757031929362e+01 2.000000000000000000e+00
2.834190347014421008e+01 1.234964164707900380e+01 2.000000000000000000e+00
3.191716257080428321e+01 1.245480654940192089e+01 2.000000000000000000e+00
2.797536746497914351e+01 1.715204030566108528e+01 2.000000000000000000e+00
3.156658241259739128e+01 1.474126359647037177e+01 2.000000000000000000e+00
2.986077469995385769e+01 1.318255574364904703e+01 2.000000000000000000e+00
3.221606339481081704e+01 1.683722259146378875e+01 2.000000000000000000e+00
3.198709426462430372e+01 1.366888937645854440e+01 2.000000000000000000e+00
3.056244469516277462e+01 1.768708890010771739e+01 2.000000000000000000e+00
3.186250083549884238e+01 1.633418652133951099e+01 2.000000000000000000e+00
3.117245877116458175e+01 1.650511952352045597e+01 2.000000000000000000e+00
2.940652834452179576e+01 1.448415439576803010e+01 2.000000000000000000e+00
2.796456402569853239e+01 1.319979562329265121e+01 2.000000000000000000e+00
2.734718607161991599e+01 1.602347345205689777e+01 2.000000000000000000e+00
3.062740972097664027e+01 1.493062203442459790e+01 2.000000000000000000e+00
3.378832036220921964e+01 1.854704784827248787e+01 2.000000000000000000e+00
3.047090872642168335e+01 1.284674090877427055e+01 2.000000000000000000e+00
3.223757218364099231e+01 1.766932664779119122e+01 2.000000000000000000e+00
3.447485770213356204e+01 1.406524283338106329e+01 2.000000000000000000e+00
2.432762262993072255e+01 1.820191625521123768e+01 2.000000000000000000e+00
3.445948507397617533e+01 1.389736622099164620e+01 2.000000000000000000e+00
3.192891540964908970e+01 1.285456472621161339e+01 2.000000000000000000e+00
3.075381886519525310e+01 1.456341591198466112e+01 2.000000000000000000e+00
2.626130174642394977e+01 1.833147868896728738e+01 2.000000000000000000e+00
2.933967188408866278e+01 1.385581630777655882e+01 2.000000000000000000e+00
3.130999502260868184e+01 2.208000299875890349e+01 2.000000000000000000e+00
3.177757697411237103e+01 1.280368022401264838e+01 2.000000000000000000e+00
2.999676404446471523e+01 1.204649764968795189e+01 2.000000000000000000e+00
3.235405852202750765e+01 1.391288039103928043e+01 2.000000000000000000e+00
2.823199940576972367e+01 1.592812568934770034e+01 2.000000000000000000e+00
3.404187905158999428e+01 1.284117407705105762e+01 2.000000000000000000e+00
3.175963813240333522e+01 1.591879194898922023e+01 2.000000000000000000e+00
3.036438078490088088e+01 1.037283895826107738e+01 2.000000000000000000e+00
3.122162354029287812e+01 1.702035360876990566e+01 2.000000000000000000e+00
3.025546943303885783e+01 1.170204646992714714e+01 2.000000000000000000e+00
3.434222788119633663e+01 1.351435331496192838e+01 2.000000000000000000e+00
2.974626660051733040e+01 1.419604410957424889e+01 2.000000000000000000e+00
3.137286811546094967e+01 1.606360028414474073e+01 2.000000000000000000e+00
3.156264155169656860e+01 1.732887374842266581e+01 2.000000000000000000e+00
3.109588203907648563e+01 1.431137662705170932e+01 2.000000000000000000e+00
2.689420243060877880e+01 8.938673967926412445e+00 2.000000000000000000e+00
2.821215692502225636e+01 1.284106183699337222e+01 2.000000000000000000e+00
3.101579624300165960e+01 1.107189924383248325e+01 2.000000000000000000e+00
2.977225005908124444e+01 1.382155858350935951e+01 2.000000000000000000e+00
3.017795400586764032e+01 1.538158685934202374e+01 2.000000000000000000e+00
3.315518304028994834e+01 1.532113072865347725e+01 2.000000000000000000e+00
3.115661424559430870e+01 1.447436213546958683e+01 2.000000000000000000e+00
3.467937850825575907e+01 1.497434989165096297e+01 2.000000000000000000e+00
3.025256933454522112e+01 1.420887242534241501e+01 2.000000000000000000e+00
3.031317467180669212e+01 1.703778188775932989e+01 2.000000000000000000e+00
3.044012682037082484e+01 1.775014103057585046e+01 2.000000000000000000e+00
2.981203704809376021e+01 1.501287099027534921e+01 2.000000000000000000e+00
3.083971318637096104e+01 1.592216123352048029e+01 2.000000000000000000e+00
2.750079966250792651e+01 1.878623630946507816e+01 2.000000000000000000e+00
3.018536106099596950e+01 1.509368408359677360e+01 2.000000000000000000e+00
3.148487286813906749e+01 1.676117718488240271e+01 2.000000000000000000e+00
3.027427777216696825e+01 1.334832706292622539e+01 2.000000000000000000e+00
3.155832256412630699e+01 1.319370155169939984e+01 2.000000000000000000e+00
2.796608403616571081e+01 1.583578299350824814e+01 2.000000000000000000e+00
3.052167165021736395e+01 1.477305066570420600e+01 2.000000000000000000e+00
2.781091686801115159e+01 1.423708169200455664e+01 2.000000000000000000e+00
3.254348593463172534e+01 1.551008469248767696e+01 2.000000000000000000e+00
3.248158872792456009e+01 1.485981243915881045e+01 2.000000000000000000e+00
3.146184873109607594e+01 1.780694648168830696e+01 2.000000000000000000e+00
2.932586914382277143e+01 1.605298706232283479e+01 2.000000000000000000e+00
2.848262256981003304e+01 1.716164642968923815e+01 2.000000000000000000e+00
3.287672468107724910e+01 1.447101084164840934e+01 2.000000000000000000e+00
3.064562092192032594e+01 1.381750506091470143e+01 2.000000000000000000e+00
3.113122034540219474e+01 1.479839993758671390e+01 2.000000000000000000e+00
3.224438279001616792e+01 1.506902830726084552e+01 2.000000000000000000e+00
3.283814928354522777e+01 1.310457392493198903e+01 2.000000000000000000e+00
3.078938077749795710e+01 1.684105734573802948e+01 2.000000000000000000e+00
3.278925024022733226e+01 1.695988140064378413e+01 2.000000000000000000e+00
3.351741357235280816e+01 1.774130843011334591e+01 2.000000000000000000e+00
2.794407464275124298e+01 1.798539088110989681e+01 2.000000000000000000e+00
3.177946635575072065e+01 1.604138634305822109e+01 2.000000000000000000e+00
3.535329406695760213e+01 1.489380622314027569e+01 2.000000000000000000e+00
2.876773366078652572e+01 1.764775515451665555e+01 2.000000000000000000e+00
2.856623629396287356e+01 1.400865676588496456e+01 2.000000000000000000e+00
2.973980496557584630e+01 1.815222468979700920e+01 2.000000000000000000e+00
3.019095482813663622e+01 1.605147854653356632e+01 2.000000000000000000e+00
2.923734762478763471e+01 1.633170757500230508e+01 2.000000000000000000e+00
2.957005111547443832e+01 1.378475672914835393e+01 2.000000000000000000e+00
3.398222855901006056e+01 1.730420454201009761e+01 2.000000000000000000e+00
2.973103763828112989e+01 1.772968432283353835e+01 2.000000000000000000e+00
3.157267595066999988e+01 1.361965065924855800e+01 2.000000000000000000e+00
3.277739343062673072e+01 1.529547247073772986e+01 2.000000000000000000e+00
3.132446210092161465e+01 1.655992583415287456e+01 2.000000000000000000e+00
2.916218404403262454e+01 1.601845248602347382e+01 2.000000000000000000e+00
3.034409180103848058e+01 1.451180266244009864e+01 2.000000000000000000e+00
3.017281027130552218e+01 1.539169195465951923e+01 2.000000000000000000e+00
2.942868379997525707e+01 1.560941256480023043e+01 2.000000000000000000e+00
3.106805207019239035e+01 1.080945193268451376e+01 2.000000000000000000e+00
3.054278508047146090e+01 1.401481362785638574e+01 2.000000000000000000e+00
3.076842911409817560e+01 1.580313700083264905e+01 2.000000000000000000e+00
2.893096837275016497e+01 1.392207959991249311e+01 2.000000000000000000e+00
2.923583034056492025e+01 1.768642710182236399e+01 2.000000000000000000e+00
2.960513201717732201e+01 1.192180299651560738e+01 2.000000000000000000e+00
3.154776485194365776e+01 1.493968820129651576e+01 2.000000000000000000e+00
2.893874409007883131e+01 1.447414294184763328e+01 2.000000000000000000e+00
2.889930047246669176e+01 1.538600635679234152e+01 2.000000000000000000e+00
2.823374891134595899e+01 1.317399265719500967e+01 2.000000000000000000e+00
2.859370356649272793e+01 1.074250348036392211e+01 2.000000000000000000e+00
3.218745067031024831e+01 1.708406050703609580e+01 2.000000000000000000e+00
2.980552439181848001e+01 1.535444702040428666e+01 2.000000000000000000e+00
2.813246134385061836e+01 1.849707971518458649e+01 2.000000000000000000e+00
3.074352551071086381e+01 1.229098082992307894e+01 2.000000000000000000e+00
2.856900575619375360e+01 1.281364496616317794e+01 2.000000000000000000e+00
2.777589269356349888e+01 1.482710240205039121e+01 2.000000000000000000e+00
3.083395881149856876e+01 2.033833901047273685e+01 2.000000000000000000e+00
3.109559457990141595e+01 1.484843402647424071e+01 2.000000000000000000e+00
3.362318785119279596e+01 1.254479470349876280e+01 2.000000000000000000e+00
3.024537416004913837e+01 1.418612204263537180e+01 2.000000000000000000e+00
3.068194739661983661e+01 1.709519889528585423e+01 2.000000000000000000e+00
2.903589292976791114e+01 1.401152063580893703e+01 2.000000000000000000e+00
3.117457491787327584e+01 1.505926323588986904e+01 2.000000000000000000e+00
2.764978286404419450e+01 1.320140746055903946e+01 2.000000000000000000e+00
2.991129044688516103e+01 1.508362096100376526e+01 2.000000000000000000e+00
2.936719393728036209e+01 1.428181945334040215e+01 2.000000000000000000e+00
3.040793686503681315e+01 1.415018279797129175e+01 2.000000000000000000e+00
3.234442926261128548e+01 1.611433780200179910e+01 2.000000000000000000e+00
