1.514080000000000000e+05 3.144350000000000000e+05 3.000000000000000000e+00
1.493310000000000000e+05 3.123620000000000000e+05 3.000000000000000000e+00
1.347940000000000000e+05 3.055490000000000000e+05 3.000000000000000000e+00
1.341030000000000000e+05 2.861640000000000000e+05 3.000000000000000000e+00
1.538140000000000000e+05 2.977480000000000000e+05 3.000000000000000000e+00
1.369570000000000000e+05 2.945110000000000000e+05 3.000000000000000000e+00
1.419540000000000000e+05 3.052300000000000000e+05 3.000000000000000000e+00
1.515880000000000000e+05 2.854780000000000000e+05 3.000000000000000000e+00
1.403300000000000000e+05 3.134950000000000000e+05 3.000000000000000000e+00
1.304480000000000000e+05 3.196170000000000000e+05 3.000000000000000000e+00
1.372690000000000000e+05 2.950590000000000000e+05 3.000000000000000000e+00
1.515780000000000000e+05 3.089140000000000000e+05 3.000000000000000000e+00
1.329620000000000000e+05 3.048310000000000000e+05 3.000000000000000000e+00
1.514120000000000000e+05 3.053700000000000000e+05 3.000000000000000000e+00
1.384190000000000000e+05 3.179930000000000000e+05 3.000000000000000000e+00
1.303150000000000000e+05 3.076500000000000000e+05 3.000000000000000000e+00
1.310730000000000000e+05 3.041850000000000000e+05 3.000000000000000000e+00
1.490950000000000000e+05 2.990800000000000000e+05 3.000000000000000000e+00
1.433230000000000000e+05 3.110830000000000000e+05 3.000000000000000000e+00
1.427080000000000000e+05 3.129570000000000000e+05 3.000000000000000000e+00
1.251770000000000000e+05 3.109150000000000000e+05 3.000000000000000000e+00
1.519440000000000000e+05 3.136510000000000000e+05 3.000000000000000000e+00
1.386880000000000000e+05 3.173100000000000000e+05 3.000000000000000000e+00
1.441610000000000000e+05 3.203210000000000000e+05 3.000000000000000000e+00
1.534250000000000000e+05 3.042420000000000000e+05 3.000000000000000000e+00
1.283610000000000000e+05 3.107620000000000000e+05 3.000000000000000000e+00
1.442860000000000000e+05 3.146120000000000000e+05 3.000000000000000000e+00
1.267070000000000000e+05 3.103990000000000000e+05 3.000000000000000000e+00
1.207710000000000000e+05 3.132390000000000000e+05 3.000000000000000000e+00
1.529000000000000000e+05 2.999040000000000000e+05 3.000000000000000000e+00
1.407660000000000000e+05 3.162490000000000000e+05 3.000000000000000000e+00
1.443110000000000000e+05 3.052020000000000000e+05 3.000000000000000000e+00
1.299480000000000000e+05 3.081060000000000000e+05 3.000000000000000000e+00
1.435400000000000000e+05 3.295160000000000000e+05 3.000000000000000000e+00
1.321150000000000000e+05 3.090980000000000000e+05 3.000000000000000000e+00
1.448380000000000000e+05 3.130930000000000000e+05 3.000000000000000000e+00
1.313630000000000000e+05 2.851820000000000000e+05 3.000000000000000000e+00
1.437490000000000000e+05 3.189140000000000000e+05 3.000000000000000000e+00
1.672240000000000000e+05 3.263120000000000000e+05 3.000000000000000000e+00
1.483220000000000000e+05 2.985260000000000000e+05 3.000000000000000000e+00
1.353100000000000000e+05 3.077180000000000000e+05 3.000000000000000000e+00
1.376490000000000000e+05 3.025570000000000000e+05 3.000000000000000000e+00
1.248280000000000000e+05 2.897860000000000000e+05 3.000000000000000000e+00
1.410930000000000000e+05 2.964280000000000000e+05 3.000000000000000000e+00
1.505770000000000000e+05 3.096650000000000000e+05 3.000000000000000000e+00
1.515680000000000000e+05 3.103260000000000000e+05 3.000000000000000000e+00
1.336450000000000000e+05 3.168470000000000000e+05 3.000000000000000000e+00
1.436760000000000000e+05 3.066130000000000000e+05 3.000000000000000000e+00
1.430640000000000000e+05 3.067000000000000000e+05 3.000000000000000000e+00
1.405610000000000000e+05 3.255520000000000000e+05 3.000000000000000000e+00
1.329450000000000000e+05 3.026350000000000000e+05 3.000000000000000000e+00
1.327590000000000000e+05 3.018450000000000000e+05 3.000000000000000000e+00
1.400440000000000000e+05 3.150560000000000000e+05 3.000000000000000000e+00
1.358130000000000000e+05 3.155450000000000000e+05 3.000000000000000000e+00
1.357220000000000000e+05 3.096190000000000000e+05 3.000000000000000000e+00
1.453200000000000000e+05 3.102340000000000000e+05 3.000000000000000000e+00
1.471440000000000000e+05 3.032580000000000000e+05 3.000000000000000000e+00
1.394440000000000000e+05 3.222360000000000000e+05 3.000000000000000000e+00
1.431060000000000000e+05 3.121070000000000000e+05 3.000000000000000000e+00
1.524820000000000000e+05 3.176510000000000000e+05 3.000000000000000000e+00
1.341580000000000000e+05 3.211580000000000000e+05 3.000000000000000000e+00
1.437060000000000000e+05 3.171360000000000000e+05 3.000000000000000000e+00
1.450080000000000000e+05 2.893220000000000000e+05 3.000000000000000000e+00
1.375550000000000000e+05 3.207600000000000000e+05 3.000000000000000000e+00
1.376470000000000000e+05 3.045910000000000000e+05 3.000000000000000000e+00
1.398040000000000000e+05 3.109780000000000000e+05 3.000000000000000000e+00
1.324450000000000000e+05 3.116280000000000000e+05 3.000000000000000000e+00
1.547260000000000000e+05 2.930280000000000000e+05 3.000000000000000000e+00
1.400510000000000000e+05 3.251890000000000000e+05 3.000000000000000000e+00
1.323560000000000000e+05 3.130170000000000000e+05 3.000000000000000000e+00
1.367710000000000000e+05 3.169580000000000000e+05 3.000000000000000000e+00
1.545780000000000000e+05 3.087510000000000000e+05 3.000000000000000000e+00
1.221510000000000000e+05 3.150400000000000000e+05 3.000000000000000000e+00
1.452170000000000000e+05 3.097200000000000000e+05 3.000000000000000000e+00
1.485150000000000000e+05 3.073740000000000000e+05 3.000000000000000000e+00
1.474530000000000000e+05 3.207130000000000000e+05 3.000000000000000000e+00
1.262720000000000000e+05 3.092070000000000000e+05 3.000000000000000000e+00
1.579200000000000000e+05 2.992500000000000000e+05 3.000000000000000000e+00
1.369510000000000000e+05 3.156510000000000000e+05 3.000000000000000000e+00
1.428990000000000000e+05 3.023090000000000000e+05 3.000000000000000000e+00
1.338080000000000000e+05 3.037910000000000000e+05 3.000000000000000000e+00
1.395130000000000000e+05 3.044910000000000000e+05 3.000000000000000000e+00
1.262820000000000000e+05 3.210200000000000000e+05 3.000000000000000000e+00
1.363470000000000000e+05 3.113760000000000000e+05 3.000000000000000000e+00
1.319640000000000000e+05 2.988190000000000000e+05 3.000000000000000000e+00
1.372670000000000000e+05 3.067180000000000000e+05 3.000000000000000000e+00
1.434010000000000000e+05 3.159720000000000000e+05 3.000000000000000000e+00
1.406010000000000000e+05 3.082200000000000000e+05 3.000000000000000000e+00
1.495160000000000000e+05 3.052320000000000000e+05 3.000000000000000000e+00
1.410730000000000000e+05 2.885860000000000000e+05 3.000000000000000000e+00
1.127310000000000000e+05 2.977740000000000000e+05 3.000000000000000000e+00
1.350770000000000000e+05 3.098170000000000000e+05 3.000000000000000000e+00
1.511790000000000000e+05 2.920260000000000000e+05 3.000000000000000000e+00
1.504980000000000000e+05 3.053210000000000000e+05 3.000000000000000000e+00
1.598440000000000000e+05 3.050630000000000000e+05 3.000000000000000000e+00
1.325810000000000000e+05 3.030690000000000000e+05 3.000000000000000000e+00
1.533980000000000000e+05 3.007190000000000000e+05 3.000000000000000000e+00
1.417060000000000000e+05 3.184500000000000000e+05 3.000000000000000000e+00
1.470700000000000000e+05 2.931460000000000000e+05 3.000000000000000000e+00
1.431670000000000000e+05 3.172880000000000000e+05 3.000000000000000000e+00
1.370250000000000000e+05 4.065830000000000000e+05 4.000000000000000000e+00
1.372850000000000000e+05 4.090280000000000000e+05 4.000000000000000000e+00
1.463100000000000000e+05 3.883590000000000000e+05 4.000000000000000000e+00
1.449180000000000000e+05 3.946580000000000000e+05 4.000000000000000000e+00
1.712240000000000000e+05 4.140760000000000000e+05 4.000000000000000000e+00
1.260120000000000000e+05 4.059170000000000000e+05 4.000000000000000000e+00
1.478870000000000000e+05 4.203620000000000000e+05 4.000000000000000000e+00
1.509540000000000000e+05 3.965870000000000000e+05 4.000000000000000000e+00
1.468400000000000000e+05 3.983030000000000000e+05 4.000000000000000000e+00
1.420650000000000000e+05 3.979780000000000000e+05 4.000000000000000000e+00
1.462320000000000000e+05 3.984720000000000000e+05 4.000000000000000000e+00
1.121820000000000000e+05 4.112460000000000000e+05 4.000000000000000000e+00
1.479120000000000000e+05 4.104380000000000000e+05 4.000000000000000000e+00
1.437520000000000000e+05 4.409400000000000000e+05 4.000000000000000000e+00
1.493810000000000000e+05 4.135510000000000000e+05 4.000000000000000000e+00
1.366630000000000000e+05 3.787820000000000000e+05 4.000000000000000000e+00
1.406380000000000000e+05 3.933650000000000000e+05 4.000000000000000000e+00
1.391960000000000000e+05 4.026960000000000000e+05 4.000000000000000000e+00
1.252720000000000000e+05 3.927740000000000000e+05 4.000000000000000000e+00
1.562440000000000000e+05 3.968900000000000000e+05 4.000000000000000000e+00
1.195020000000000000e+05 3.988910000000000000e+05 4.000000000000000000e+00
1.404340000000000000e+05 3.955500000000000000e+05 4.000000000000000000e+00
1.325100000000000000e+05 3.818100000000000000e+05 4.000000000000000000e+00
1.474110000000000000e+05 4.003130000000000000e+05 4.000000000000000000e+00
1.407430000000000000e+05 3.901730000000000000e+05 4.000000000000000000e+00
1.182810000000000000e+05 4.027900000000000000e+05 4.000000000000000000e+00
1.537690000000000000e+05 3.750380000000000000e+05 4.000000000000000000e+00
1.324600000000000000e+05 4.013620000000000000e+05 4.000000000000000000e+00
1.255640000000000000e+05 3.981140000000000000e+05 4.000000000000000000e+00
1.322730000000000000e+05 4.035630000000000000e+05 4.000000000000000000e+00
1.460410000000000000e+05 3.947310000000000000e+05 4.000000000000000000e+00
1.364720000000000000e+05 3.890400000000000000e+05 4.000000000000000000e+00
1.121430000000000000e+05 3.980870000000000000e+05 4.000000000000000000e+00
1.544640000000000000e+05 4.024170000000000000e+05 4.000000000000000000e+00
1.366290000000000000e+05 3.910340000000000000e+05 4.000000000000000000e+00
1.499100000000000000e+05 3.891500000000000000e+05 4.000000000000000000e+00
1.508420000000000000e+05 3.956920000000000000e+05 4.000000000000000000e+00
1.446140000000000000e+05 3.830130000000000000e+05 4.000000000000000000e+00
1.409650000000000000e+05 3.817190000000000000e+05 4.000000000000000000e+00
1.542930000000000000e+05 3.812850000000000000e+05 4.000000000000000000e+00
1.256490000000000000e+05 4.030610000000000000e+05 4.000000000000000000e+00
1.334230000000000000e+05 4.016630000000000000e+05 4.000000000000000000e+00
1.271350000000000000e+05 4.004630000000000000e+05 4.000000000000000000e+00
1.352850000000000000e+05 4.322410000000000000e+05 4.000000000000000000e+00
1.251500000000000000e+05 4.043570000000000000e+05 4.000000000000000000e+00
1.532230000000000000e+05 4.064900000000000000e+05 4.000000000000000000e+00
1.417080000000000000e+05 3.981140000000000000e+05 4.000000000000000000e+00
1.453650000000000000e+05 3.838260000000000000e+05 4.000000000000000000e+00
1.460130000000000000e+05 4.131530000000000000e+05 4.000000000000000000e+00
1.568580000000000000e+05 4.118180000000000000e+05 4.000000000000000000e+00
1.334150000000000000e+05 4.044540000000000000e+05 4.000000000000000000e+00
1.261100000000000000e+05 3.794900000000000000e+05 4.000000000000000000e+00
1.288340000000000000e+05 4.067560000000000000e+05 4.000000000000000000e+00
1.454900000000000000e+05 4.034200000000000000e+05 4.000000000000000000e+00
1.417290000000000000e+05 4.213460000000000000e+05 4.000000000000000000e+00
1.427970000000000000e+05 4.006620000000000000e+05 4.000000000000000000e+00
1.422350000000000000e+05 3.931060000000000000e+05 4.000000000000000000e+00
1.370230000000000000e+05 3.905880000000000000e+05 4.000000000000000000e+00
1.227950000000000000e+05 3.967890000000000000e+05 4.000000000000000000e+00
1.419880000000000000e+05 3.956420000000000000e+05 4.000000000000000000e+00
1.560430000000000000e+05 4.109370000000000000e+05 4.000000000000000000e+00
1.281540000000000000e+05 4.225090000000000000e+05 4.000000000000000000e+00
1.501070000000000000e+05 3.878390000000000000e+05 4.000000000000000000e+00
1.537740000000000000e+05 3.982370000000000000e+05 4.000000000000000000e+00
1.315920000000000000e+05 3.977870000000000000e+05 4.000000000000000000e+00
1.397340000000000000e+05 3.821280000000000000e+05 4.000000000000000000e+00
1.426220000000000000e+05 4.017800000000000000e+05 4.000000000000000000e+00
1.509950000000000000e+05 3.950650000000000000e+05 4.000000000000000000e+00
1.509530000000000000e+05 3.939970000000000000e+05 4.000000000000000000e+00
1.412850000000000000e+05 4.118310000000000000e+05 4.000000000000000000e+00
1.413610000000000000e+05 4.066080000000000000e+05 4.000000000000000000e+00
1.345700000000000000e+05 3.926740000000000000e+05 4.000000000000000000e+00
1.418980000000000000e+05 4.086940000000000000e+05 4.000000000000000000e+00
1.223190000000000000e+05 3.961270000000000000e+05 4.000000000000000000e+00
1.452610000000000000e+05 3.938610000000000000e+05 4.000000000000000000e+00
1.630390000000000000e+05 4.000740000000000000e+05 4.000000000000000000e+00
1.512600000000000000e+05 3.899610000000000000e+05 4.000000000000000000e+00
1.250890000000000000e+05 3.958000000000000000e+05 4.000000000000000000e+00
1.529940000000000000e+05 3.949620000000000000e+05 4.000000000000000000e+00
1.233590000000000000e+05 3.970040000000000000e+05 4.000000000000000000e+00
1.526820000000000000e+05 3.989180000000000000e+05 4.000000000000000000e+00
1.405560000000000000e+05 4.197420000000000000e+05 4.000000000000000000e+00
1.250840000000000000e+05 4.075660000000000000e+05 4.000000000000000000e+00
1.290130000000000000e+05 3.949810000000000000e+05 4.000000000000000000e+00
1.420010000000000000e+05 4.094300000000000000e+05 4.000000000000000000e+00
1.496110000000000000e+05 4.083310000000000000e+05 4.000000000000000000e+00
1.322720000000000000e+05 4.094590000000000000e+05 4.000000000000000000e+00
1.287360000000000000e+05 4.003830000000000000e+05 4.000000000000000000e+00
1.333330000000000000e+05 3.865030000000000000e+05 4.000000000000000000e+00
1.473840000000000000e+05 4.062790000000000000e+05 4.000000000000000000e+00
1.489440000000000000e+05 4.037340000000000000e+05 4.000000000000000000e+00
1.407820000000000000e+05 3.900370000000000000e+05 4.000000000000000000e+00
1.545080000000000000e+05 4.188670000000000000e+05 4.000000000000000000e+00
1.388030000000000000e+05 3.965230000000000000e+05 4.000000000000000000e+00
1.462590000000000000e+05 4.084100000000000000e+05 4.000000000000000000e+00
1.305360000000000000e+05 3.897440000000000000e+05 4.000000000000000000e+00
1.428120000000000000e+05 4.141000000000000000e+05 4.000000000000000000e+00
1.423430000000000000e+05 3.973260000000000000e+05 4.000000000000000000e+00
1.354320000000000000e+05 3.946460000000000000e+05 4.000000000000000000e+00
1.364040000000000000e+05 4.084710000000000000e+05 4.000000000000000000e+00
1.876580000000000000e+05 3.387810000000000000e+05 5.000000000000000000e+00
2.070290000000000000e+05 3.335310000000000000e+05 5.000000000000000000e+00
2.083530000000000000e+05 3.305010000000000000e+05 5.000000000000000000e+00
1.912130000000000000e+05 3.320710000000000000e+05 5.000000000000000000e+00
2.148020000000000000e+05 3.433190000000000000e+05 5.000000000000000000e+00
1.840230000000000000e+05 3.326260000000000000e+05 5.000000000000000000e+00
1.816280000000000000e+05 3.401570000000000000e+05 5.000000000000000000e+00
1.772380000000000000e+05 3.295350000000000000e+05 5.000000000000000000e+00
1.775900000000000000e+05 3.089690000000000000e+05 5.000000000000000000e+00
1.942170000000000000e+05 3.268820000000000000e+05 5.000000000000000000e+00
1.858770000000000000e+05 3.312880000000000000e+05 5.000000000000000000e+00
1.976080000000000000e+05 3.234260000000000000e+05 5.000000000000000000e+00
1.930570000000000000e+05 3.295630000000000000e+05 5.000000000000000000e+00
1.836740000000000000e+05 3.148950000000000000e+05 5.000000000000000000e+00
1.855490000000000000e+05 3.232230000000000000e+05 5.000000000000000000e+00
1.814350000000000000e+05 3.219110000000000000e+05 5.000000000000000000e+00
1.920990000000000000e+05 3.277390000000000000e+05 5.000000000000000000e+00
1.876110000000000000e+05 3.345770000000000000e+05 5.000000000000000000e+00
1.982730000000000000e+05 3.357470000000000000e+05 5.000000000000000000e+00
1.597150000000000000e+05 3.401630000000000000e+05 5.000000000000000000e+00
2.082930000000000000e+05 3.402680000000000000e+05 5.000000000000000000e+00
1.787590000000000000e+05 3.255320000000000000e+05 5.000000000000000000e+00
1.982840000000000000e+05 3.454300000000000000e+05 5.000000000000000000e+00
1.714270000000000000e+05 3.307480000000000000e+05 5.000000000000000000e+00
1.966030000000000000e+05 3.201830000000000000e+05 5.000000000000000000e+00
1.779260000000000000e+05 3.204490000000000000e+05 5.000000000000000000e+00
2.134070000000000000e+05 3.206740000000000000e+05 5.000000000000000000e+00
1.903640000000000000e+05 3.171400000000000000e+05 5.000000000000000000e+00
1.909970000000000000e+05 3.429680000000000000e+05 5.000000000000000000e+00
1.820530000000000000e+05 3.272930000000000000e+05 5.000000000000000000e+00
1.861790000000000000e+05 3.400860000000000000e+05 5.000000000000000000e+00
1.903320000000000000e+05 3.248690000000000000e+05 5.000000000000000000e+00
1.902380000000000000e+05 3.442880000000000000e+05 5.000000000000000000e+00
1.882660000000000000e+05 3.334550000000000000e+05 5.000000000000000000e+00
1.766650000000000000e+05 3.204220000000000000e+05 5.000000000000000000e+00
1.782970000000000000e+05 3.378610000000000000e+05 5.000000000000000000e+00
1.943210000000000000e+05 3.360810000000000000e+05 5.000000000000000000e+00
1.942800000000000000e+05 3.144490000000000000e+05 5.000000000000000000e+00
1.815670000000000000e+05 3.159590000000000000e+05 5.000000000000000000e+00
2.072960000000000000e+05 3.315600000000000000e+05 5.000000000000000000e+00
1.902430000000000000e+05 3.229810000000000000e+05 5.000000000000000000e+00
2.046360000000000000e+05 3.249420000000000000e+05 5.000000000000000000e+00
1.830300000000000000e+05 3.375710000000000000e+05 5.000000000000000000e+00
2.060240000000000000e+05 3.331450000000000000e+05 5.000000000000000000e+00
1.925760000000000000e+05 3.405530000000000000e+05 5.000000000000000000e+00
1.965420000000000000e+05 3.330230000000000000e+05 5.000000000000000000e+00
1.772430000000000000e+05 3.444590000000000000e+05 5.000000000000000000e+00
1.908450000000000000e+05 3.264870000000000000e+05 5.000000000000000000e+00
2.088040000000000000e+05 3.316010000000000000e+05 5.000000000000000000e+00
1.902400000000000000e+05 3.293650000000000000e+05 5.000000000000000000e+00
1.908180000000000000e+05 3.313360000000000000e+05 5.000000000000000000e+00
1.994130000000000000e+05 3.191780000000000000e+05 5.000000000000000000e+00
1.970480000000000000e+05 3.370250000000000000e+05 5.000000000000000000e+00
1.891260000000000000e+05 3.236040000000000000e+05 5.000000000000000000e+00
1.929930000000000000e+05 3.199140000000000000e+05 5.000000000000000000e+00
1.973970000000000000e+05 3.557020000000000000e+05 5.000000000000000000e+00
1.900620000000000000e+05 3.196360000000000000e+05 5.000000000000000000e+00
1.797950000000000000e+05 3.069370000000000000e+05 5.000000000000000000e+00
2.013930000000000000e+05 3.271970000000000000e+05 5.000000000000000000e+00
1.922760000000000000e+05 3.212390000000000000e+05 5.000000000000000000e+00
1.906920000000000000e+05 3.480920000000000000e+05 5.000000000000000000e+00
2.013720000000000000e+05 3.351950000000000000e+05 5.000000000000000000e+00
1.721410000000000000e+05 3.325810000000000000e+05 5.000000000000000000e+00
2.020930000000000000e+05 3.260740000000000000e+05 5.000000000000000000e+00
1.917080000000000000e+05 3.294340000000000000e+05 5.000000000000000000e+00
1.950520000000000000e+05 3.119580000000000000e+05 5.000000000000000000e+00
1.995460000000000000e+05 3.235200000000000000e+05 5.000000000000000000e+00
1.740620000000000000e+05 3.408480000000000000e+05 5.000000000000000000e+00
2.092720000000000000e+05 3.181910000000000000e+05 5.000000000000000000e+00
1.886540000000000000e+05 3.222120000000000000e+05 5.000000000000000000e+00
1.672810000000000000e+05 3.348850000000000000e+05 5.000000000000000000e+00
1.735850000000000000e+05 3.330150000000000000e+05 5.000000000000000000e+00
2.027270000000000000e+05 3.379630000000000000e+05 5.000000000000000000e+00
1.918010000000000000e+05 3.393220000000000000e+05 5.000000000000000000e+00
1.894610000000000000e+05 3.267010000000000000e+05 5.000000000000000000e+00
1.931130000000000000e+05 3.537610000000000000e+05 5.000000000000000000e+00
1.802400000000000000e+05 3.285340000000000000e+05 5.000000000000000000e+00
1.936500000000000000e+05 3.388960000000000000e+05 5.000000000000000000e+00
1.848990000000000000e+05 3.286000000000000000e+05 5.000000000000000000e+00
1.926160000000000000e+05 3.326200000000000000e+05 5.000000000000000000e+00
2.060050000000000000e+05 3.156270000000000000e+05 5.000000000000000000e+00
1.963150000000000000e+05 3.337830000000000000e+05 5.000000000000000000e+00
2.040410000000000000e+05 3.271820000000000000e+05 5.000000000000000000e+00
2.017830000000000000e+05 3.153480000000000000e+05 5.000000000000000000e+00
1.910030000000000000e+05 3.327970000000000000e+05 5.000000000000000000e+00
1.882930000000000000e+05 3.068230000000000000e+05 5.000000000000000000e+00
1.971090000000000000e+05 3.339160000000000000e+05 5.000000000000000000e+00
1.783210000000000000e+05 3.400520000000000000e+05 5.000000000000000000e+00
1.887010000000000000e+05 3.238060000000000000e+05 5.000000000000000000e+00
1.954160000000000000e+05 3.343390000000000000e+05 5.000000000000000000e+00
1.955680000000000000e+05 3.332320000000000000e+05 5.000000000000000000e+00
1.839150000000000000e+05 3.232690000000000000e+05 5.000000000000000000e+00
1.922790000000000000e+05 3.308850000000000000e+05 5.000000000000000000e+00
1.900760000000000000e+05 3.181490000000000000e+05 5.000000000000000000e+00
1.784340000000000000e+05 3.367560000000000000e+05 5.000000000000000000e+00
1.808310000000000000e+05 3.396730000000000000e+05 5.000000000000000000e+00
1.856630000000000000e+05 3.296650000000000000e+05 5.000000000000000000e+00
2.006830000000000000e+05 3.248160000000000000e+05 5.000000000000000000e+00
1.972500000000000000e+05 3.499460000000000000e+05 5.000000000000000000e+00
2.032430000000000000e+05 3.128530000000000000e+05 5.000000000000000000e+00
2.543700000000000000e+05 2.800850000000000000e+05 6.000000000000000000e+00
2.488880000000000000e+05 2.925550000000000000e+05 6.000000000000000000e+00
2.512690000000000000e+05 3.132080000000000000e+05 6.000000000000000000e+00
2.530950000000000000e+05 3.168440000000000000e+05 6.000000000000000000e+00
2.148860000000000000e+05 3.153790000000000000e+05 6.000000000000000000e+00
2.447040000000000000e+05 2.891390000000000000e+05 6.000000000000000000e+00
2.403880000000000000e+05 2.923690000000000000e+05 6.000000000000000000e+00
2.403830000000000000e+05 2.986240000000000000e+05 6.000000000000000000e+00
2.327540000000000000e+05 3.003480000000000000e+05 6.000000000000000000e+00
2.237770000000000000e+05 2.988630000000000000e+05 6.000000000000000000e+00
2.303360000000000000e+05 3.076680000000000000e+05 6.000000000000000000e+00
2.437250000000000000e+05 3.001510000000000000e+05 6.000000000000000000e+00
2.405970000000000000e+05 3.103720000000000000e+05 6.000000000000000000e+00
2.458920000000000000e+05 3.038110000000000000e+05 6.000000000000000000e+00
2.478180000000000000e+05 3.027900000000000000e+05 6.000000000000000000e+00
2.288890000000000000e+05 2.951720000000000000e+05 6.000000000000000000e+00
2.398500000000000000e+05 3.045570000000000000e+05 6.000000000000000000e+00
2.450480000000000000e+05 3.089980000000000000e+05 6.000000000000000000e+00
2.317400000000000000e+05 3.135210000000000000e+05 6.000000000000000000e+00
2.546110000000000000e+05 3.058590000000000000e+05 6.000000000000000000e+00
2.487840000000000000e+05 2.845070000000000000e+05 6.000000000000000000e+00
2.362140000000000000e+05 3.184650000000000000e+05 6.000000000000000000e+00
2.409220000000000000e+05 2.944520000000000000e+05 6.000000000000000000e+00
2.462080000000000000e+05 3.071120000000000000e+05 6.000000000000000000e+00
2.334550000000000000e+05 2.715300000000000000e+05 6.000000000000000000e+00
2.211400000000000000e+05 3.244450000000000000e+05 6.000000000000000000e+00
2.442950000000000000e+05 2.883800000000000000e+05 6.000000000000000000e+00
2.407060000000000000e+05 2.929700000000000000e+05 6.000000000000000000e+00
2.278950000000000000e+05 2.965020000000000000e+05 6.000000000000000000e+00
2.536450000000000000e+05 3.031970000000000000e+05 6.000000000000000000e+00
2.452420000000000000e+05 2.894620000000000000e+05 6.000000000000000000e+00
2.394920000000000000e+05 3.098970000000000000e+05 6.000000000000000000e+00
2.456960000000000000e+05 2.797960000000000000e+05 6.000000000000000000e+00
2.409880000000000000e+05 2.997320000000000000e+05 6.000000000000000000e+00
2.338960000000000000e+05 3.009960000000000000e+05 6.000000000000000000e+00
2.228650000000000000e+05 2.967430000000000000e+05 6.000000000000000000e+00
2.357140000000000000e+05 2.817620000000000000e+05 6.000000000000000000e+00
2.434720000000000000e+05 3.033000000000000000e+05 6.000000000000000000e+00
2.301510000000000000e+05 2.903460000000000000e+05 6.000000000000000000e+00
2.298240000000000000e+05 3.064610000000000000e+05 6.000000000000000000e+00
2.535310000000000000e+05 2.977620000000000000e+05 6.000000000000000000e+00
2.468190000000000000e+05 3.082070000000000000e+05 6.000000000000000000e+00
2.472210000000000000e+05 3.072360000000000000e+05 6.000000000000000000e+00
2.185140000000000000e+05 3.023820000000000000e+05 6.000000000000000000e+00
2.344910000000000000e+05 3.023790000000000000e+05 6.000000000000000000e+00
2.521330000000000000e+05 2.976750000000000000e+05 6.000000000000000000e+00
2.433920000000000000e+05 3.070150000000000000e+05 6.000000000000000000e+00
2.195540000000000000e+05 2.908060000000000000e+05 6.000000000000000000e+00
2.488760000000000000e+05 2.986550000000000000e+05 6.000000000000000000e+00
2.408930000000000000e+05 2.988420000000000000e+05 6.000000000000000000e+00
2.505260000000000000e+05 2.958290000000000000e+05 6.000000000000000000e+00
2.225350000000000000e+05 2.957090000000000000e+05 6.000000000000000000e+00
2.490580000000000000e+05 2.945300000000000000e+05 6.000000000000000000e+00
2.357310000000000000e+05 3.053470000000000000e+05 6.000000000000000000e+00
2.444310000000000000e+05 3.146090000000000000e+05 6.000000000000000000e+00
2.200380000000000000e+05 3.108910000000000000e+05 6.000000000000000000e+00
2.453010000000000000e+05 2.869230000000000000e+05 6.000000000000000000e+00
2.161320000000000000e+05 3.010770000000000000e+05 6.000000000000000000e+00
2.431850000000000000e+05 3.039740000000000000e+05 6.000000000000000000e+00
2.400570000000000000e+05 2.913950000000000000e+05 6.000000000000000000e+00
2.406370000000000000e+05 2.984160000000000000e+05 6.000000000000000000e+00
2.486100000000000000e+05 3.068570000000000000e+05 6.000000000000000000e+00
2.359790000000000000e+05 2.902790000000000000e+05 6.000000000000000000e+00
2.359000000000000000e+05 2.996440000000000000e+05 6.000000000000000000e+00
2.419500000000000000e+05 3.091980000000000000e+05 6.000000000000000000e+00
2.539410000000000000e+05 2.991520000000000000e+05 6.000000000000000000e+00
2.353220000000000000e+05 3.105500000000000000e+05 6.000000000000000000e+00
2.328750000000000000e+05 3.045710000000000000e+05 6.000000000000000000e+00
2.255520000000000000e+05 2.931240000000000000e+05 6.000000000000000000e+00
2.559760000000000000e+05 3.149200000000000000e+05 6.000000000000000000e+00
2.471670000000000000e+05 3.019690000000000000e+05 6.000000000000000000e+00
2.441900000000000000e+05 2.862090000000000000e+05 6.000000000000000000e+00
2.543980000000000000e+05 2.922960000000000000e+05 6.000000000000000000e+00
2.422690000000000000e+05 2.898580000000000000e+05 6.000000000000000000e+00
2.331500000000000000e+05 2.767650000000000000e+05 6.000000000000000000e+00
2.362800000000000000e+05 2.988490000000000000e+05 6.000000000000000000e+00
2.466750000000000000e+05 3.023060000000000000e+05 6.000000000000000000e+00
2.596390000000000000e+05 3.051310000000000000e+05 6.000000000000000000e+00
2.470730000000000000e+05 3.047500000000000000e+05 6.000000000000000000e+00
2.373880000000000000e+05 3.044870000000000000e+05 6.000000000000000000e+00
2.399360000000000000e+05 2.923180000000000000e+05 6.000000000000000000e+00
2.442340000000000000e+05 2.889820000000000000e+05 6.000000000000000000e+00
2.370970000000000000e+05 3.032570000000000000e+05 6.000000000000000000e+00
2.245320000000000000e+05 2.933060000000000000e+05 6.000000000000000000e+00
2.325690000000000000e+05 3.011680000000000000e+05 6.000000000000000000e+00
2.329890000000000000e+05 2.941380000000000000e+05 6.000000000000000000e+00
2.292230000000000000e+05 2.975160000000000000e+05 6.000000000000000000e+00
2.347350000000000000e+05 3.105980000000000000e+05 6.000000000000000000e+00
2.405690000000000000e+05 2.939040000000000000e+05 6.000000000000000000e+00
2.302960000000000000e+05 2.745470000000000000e+05 6.000000000000000000e+00
2.370130000000000000e+05 2.960930000000000000e+05 6.000000000000000000e+00
2.487330000000000000e+05 3.018820000000000000e+05 6.000000000000000000e+00
2.450130000000000000e+05 3.112120000000000000e+05 6.000000000000000000e+00
2.444660000000000000e+05 2.968060000000000000e+05 6.000000000000000000e+00
2.384420000000000000e+05 2.998510000000000000e+05 6.000000000000000000e+00
2.450050000000000000e+05 3.052870000000000000e+05 6.000000000000000000e+00
2.329240000000000000e+05 3.060960000000000000e+05 6.000000000000000000e+00
2.387410000000000000e+05 3.109330000000000000e+05 6.000000000000000000e+00
2.172100000000000000e+05 2.909260000000000000e+05 6.000000000000000000e+00
2.431790000000000000e+05 3.055210000000000000e+05 6.000000000000000000e+00
2.141960000000000000e+05 3.863760000000000000e+05 7.000000000000000000e+00
2.210480000000000000e+05 4.083660000000000000e+05 7.000000000000000000e+00
2.330370000000000000e+05 4.064940000000000000e+05 7.000000000000000000e+00
2.149460000000000000e+05 3.919690000000000000e+05 7.000000000000000000e+00
2.353330000000000000e+05 3.901720000000000000e+05 7.000000000000000000e+00
2.195840000000000000e+05 3.974420000000000000e+05 7.000000000000000000e+00
2.142260000000000000e+05 3.986820000000000000e+05 7.000000000000000000e+00
2.268500000000000000e+05 4.007080000000000000e+05 7.000000000000000000e+00
2.099770000000000000e+05 4.149070000000000000e+05 7.000000000000000000e+00
2.154560000000000000e+05 4.142520000000000000e+05 7.000000000000000000e+00
2.165390000000000000e+05 3.926770000000000000e+05 7.000000000000000000e+00
2.112730000000000000e+05 4.076190000000000000e+05 7.000000000000000000e+00
2.263120000000000000e+05 4.091010000000000000e+05 7.000000000000000000e+00
2.297600000000000000e+05 4.088230000000000000e+05 7.000000000000000000e+00
2.134160000000000000e+05 4.062380000000000000e+05 7.000000000000000000e+00
2.278320000000000000e+05 4.046240000000000000e+05 7.000000000000000000e+00
2.097400000000000000e+05 3.964830000000000000e+05 7.000000000000000000e+00
2.255590000000000000e+05 3.935620000000000000e+05 7.000000000000000000e+00
2.114290000000000000e+05 4.027220000000000000e+05 7.000000000000000000e+00
2.113770000000000000e+05 4.062710000000000000e+05 7.000000000000000000e+00
2.304180000000000000e+05 4.067060000000000000e+05 7.000000000000000000e+00
2.159190000000000000e+05 3.850430000000000000e+05 7.000000000000000000e+00
2.082760000000000000e+05 3.953950000000000000e+05 7.000000000000000000e+00
2.204750000000000000e+05 4.046570000000000000e+05 7.000000000000000000e+00
2.100320000000000000e+05 3.998530000000000000e+05 7.000000000000000000e+00
2.015620000000000000e+05 3.961860000000000000e+05 7.000000000000000000e+00
2.167670000000000000e+05 3.976430000000000000e+05 7.000000000000000000e+00
2.025930000000000000e+05 3.909120000000000000e+05 7.000000000000000000e+00
2.184120000000000000e+05 4.106940000000000000e+05 7.000000000000000000e+00
1.960480000000000000e+05 3.972630000000000000e+05 7.000000000000000000e+00
2.123130000000000000e+05 3.889900000000000000e+05 7.000000000000000000e+00
2.164730000000000000e+05 4.015120000000000000e+05 7.000000000000000000e+00
2.166110000000000000e+05 3.902480000000000000e+05 7.000000000000000000e+00
2.208200000000000000e+05 4.021290000000000000e+05 7.000000000000000000e+00
2.079420000000000000e+05 3.978720000000000000e+05 7.000000000000000000e+00
2.214090000000000000e+05 4.087870000000000000e+05 7.000000000000000000e+00
2.217360000000000000e+05 3.862930000000000000e+05 7.000000000000000000e+00
2.129080000000000000e+05 3.987560000000000000e+05 7.000000000000000000e+00
2.558050000000000000e+05 4.027810000000000000e+05 7.000000000000000000e+00
2.318610000000000000e+05 3.922810000000000000e+05 7.000000000000000000e+00
2.292510000000000000e+05 4.000340000000000000e+05 7.000000000000000000e+00
2.201390000000000000e+05 4.054670000000000000e+05 7.000000000000000000e+00
2.013640000000000000e+05 3.883210000000000000e+05 7.000000000000000000e+00
2.114150000000000000e+05 4.050390000000000000e+05 7.000000000000000000e+00
2.139900000000000000e+05 4.135260000000000000e+05 7.000000000000000000e+00
2.225260000000000000e+05 4.003850000000000000e+05 7.000000000000000000e+00
2.119220000000000000e+05 3.818710000000000000e+05 7.000000000000000000e+00
2.222050000000000000e+05 3.962760000000000000e+05 7.000000000000000000e+00
2.280690000000000000e+05 4.168150000000000000e+05 7.000000000000000000e+00
2.167880000000000000e+05 3.925020000000000000e+05 7.000000000000000000e+00
2.072720000000000000e+05 4.101490000000000000e+05 7.000000000000000000e+00
2.215050000000000000e+05 3.964560000000000000e+05 7.000000000000000000e+00
2.237530000000000000e+05 3.920080000000000000e+05 7.000000000000000000e+00
2.057970000000000000e+05 4.004070000000000000e+05 7.000000000000000000e+00
2.320220000000000000e+05 3.968110000000000000e+05 7.000000000000000000e+00
2.195910000000000000e+05 4.079400000000000000e+05 7.000000000000000000e+00
2.130310000000000000e+05 3.966670000000000000e+05 7.000000000000000000e+00
2.154070000000000000e+05 3.857090000000000000e+05 7.000000000000000000e+00
2.291980000000000000e+05 3.959080000000000000e+05 7.000000000000000000e+00
2.200050000000000000e+05 3.880750000000000000e+05 7.000000000000000000e+00
2.187260000000000000e+05 4.156020000000000000e+05 7.000000000000000000e+00
2.133330000000000000e+05 4.067600000000000000e+05 7.000000000000000000e+00
2.230290000000000000e+05 4.055970000000000000e+05 7.000000000000000000e+00
2.096650000000000000e+05 4.104800000000000000e+05 7.000000000000000000e+00
2.220370000000000000e+05 4.005400000000000000e+05 7.000000000000000000e+00
2.540880000000000000e+05 3.966030000000000000e+05 7.000000000000000000e+00
2.192750000000000000e+05 3.789660000000000000e+05 7.000000000000000000e+00
2.137750000000000000e+05 4.135440000000000000e+05 7.000000000000000000e+00
2.280460000000000000e+05 3.959710000000000000e+05 7.000000000000000000e+00
2.127320000000000000e+05 4.043200000000000000e+05 7.000000000000000000e+00
2.137860000000000000e+05 3.994630000000000000e+05 7.000000000000000000e+00
2.175330000000000000e+05 4.045140000000000000e+05 7.000000000000000000e+00
2.187040000000000000e+05 3.977710000000000000e+05 7.000000000000000000e+00
2.221950000000000000e+05 3.932300000000000000e+05 7.000000000000000000e+00
2.249870000000000000e+05 4.068960000000000000e+05 7.000000000000000000e+00
2.210210000000000000e+05 4.142920000000000000e+05 7.000000000000000000e+00
2.109420000000000000e+05 3.873240000000000000e+05 7.000000000000000000e+00
2.166560000000000000e+05 4.169270000000000000e+05 7.000000000000000000e+00
2.171430000000000000e+05 4.188490000000000000e+05 7.000000000000000000e+00
2.169900000000000000e+05 4.074240000000000000e+05 7.000000000000000000e+00
2.338200000000000000e+05 4.099090000000000000e+05 7.000000000000000000e+00
2.438200000000000000e+05 3.912690000000000000e+05 7.000000000000000000e+00
2.139230000000000000e+05 4.073120000000000000e+05 7.000000000000000000e+00
2.207280000000000000e+05 4.039460000000000000e+05 7.000000000000000000e+00
2.243270000000000000e+05 4.131290000000000000e+05 7.000000000000000000e+00
2.333870000000000000e+05 4.112090000000000000e+05 7.000000000000000000e+00
2.218840000000000000e+05 3.998220000000000000e+05 7.000000000000000000e+00
2.185250000000000000e+05 4.058460000000000000e+05 7.000000000000000000e+00
2.244410000000000000e+05 4.072920000000000000e+05 7.000000000000000000e+00
2.066740000000000000e+05 3.912090000000000000e+05 7.000000000000000000e+00
2.224550000000000000e+05 4.079250000000000000e+05 7.000000000000000000e+00
2.158230000000000000e+05 3.984910000000000000e+05 7.000000000000000000e+00
2.030260000000000000e+05 4.005140000000000000e+05 7.000000000000000000e+00
2.138520000000000000e+05 4.092600000000000000e+05 7.000000000000000000e+00
2.170490000000000000e+05 4.049200000000000000e+05 7.000000000000000000e+00
2.189900000000000000e+05 4.127730000000000000e+05 7.000000000000000000e+00
2.137670000000000000e+05 3.937380000000000000e+05 7.000000000000000000e+00
2.267540000000000000e+05 3.947680000000000000e+05 7.000000000000000000e+00
2.216050000000000000e+05 3.965150000000000000e+05 7.000000000000000000e+00
2.073190000000000000e+05 3.979610000000000000e+05 7.000000000000000000e+00
1.518380000000000000e+05 3.490110000000000000e+05 0.000000000000000000e+00
1.505720000000000000e+05 3.496490000000000000e+05 0.000000000000000000e+00
1.485860000000000000e+05 3.452020000000000000e+05 0.000000000000000000e+00
1.516620000000000000e+05 3.491290000000000000e+05 0.000000000000000000e+00
1.458650000000000000e+05 3.518950000000000000e+05 0.000000000000000000e+00
1.492870000000000000e+05 3.515390000000000000e+05 0.000000000000000000e+00
1.521400000000000000e+05 3.466480000000000000e+05 0.000000000000000000e+00
1.573230000000000000e+05 3.494040000000000000e+05 0.000000000000000000e+00
1.474230000000000000e+05 3.427660000000000000e+05 0.000000000000000000e+00
1.475380000000000000e+05 3.506390000000000000e+05 0.000000000000000000e+00
1.505700000000000000e+05 3.562800000000000000e+05 0.000000000000000000e+00
1.518910000000000000e+05 3.499960000000000000e+05 0.000000000000000000e+00
1.507620000000000000e+05 3.561050000000000000e+05 0.000000000000000000e+00
1.483080000000000000e+05 3.525980000000000000e+05 0.000000000000000000e+00
1.452420000000000000e+05 3.491600000000000000e+05 0.000000000000000000e+00
1.503590000000000000e+05 3.465350000000000000e+05 0.000000000000000000e+00
1.478840000000000000e+05 3.508290000000000000e+05 0.000000000000000000e+00
1.523560000000000000e+05 3.523580000000000000e+05 0.000000000000000000e+00
1.496050000000000000e+05 3.505640000000000000e+05 0.000000000000000000e+00
1.447180000000000000e+05 3.487170000000000000e+05 0.000000000000000000e+00
1.527530000000000000e+05 3.514310000000000000e+05 0.000000000000000000e+00
1.519610000000000000e+05 3.505140000000000000e+05 0.000000000000000000e+00
1.511560000000000000e+05 3.442800000000000000e+05 0.000000000000000000e+00
1.481970000000000000e+05 3.491930000000000000e+05 0.000000000000000000e+00
1.500710000000000000e+05 3.561470000000000000e+05 0.000000000000000000e+00
1.489860000000000000e+05 3.454310000000000000e+05 0.000000000000000000e+00
1.484520000000000000e+05 3.530660000000000000e+05 0.000000000000000000e+00
1.501470000000000000e+05 3.492070000000000000e+05 0.000000000000000000e+00
1.433610000000000000e+05 3.456380000000000000e+05 0.000000000000000000e+00
1.470330000000000000e+05 3.590480000000000000e+05 0.000000000000000000e+00
1.524880000000000000e+05 3.510360000000000000e+05 0.000000000000000000e+00
1.509680000000000000e+05 3.565570000000000000e+05 0.000000000000000000e+00
1.480880000000000000e+05 3.479540000000000000e+05 0.000000000000000000e+00
1.550050000000000000e+05 3.495250000000000000e+05 0.000000000000000000e+00
1.521820000000000000e+05 3.494310000000000000e+05 0.000000000000000000e+00
1.458210000000000000e+05 3.490830000000000000e+05 0.000000000000000000e+00
1.509760000000000000e+05 3.565720000000000000e+05 0.000000000000000000e+00
1.508130000000000000e+05 3.514710000000000000e+05 0.000000000000000000e+00
1.432380000000000000e+05 3.490250000000000000e+05 0.000000000000000000e+00
1.537130000000000000e+05 3.519040000000000000e+05 0.000000000000000000e+00
1.475400000000000000e+05 3.506670000000000000e+05 0.000000000000000000e+00
1.510080000000000000e+05 3.496920000000000000e+05 0.000000000000000000e+00
1.487660000000000000e+05 3.501600000000000000e+05 0.000000000000000000e+00
1.521750000000000000e+05 3.491920000000000000e+05 0.000000000000000000e+00
1.500730000000000000e+05 3.464980000000000000e+05 0.000000000000000000e+00
1.517110000000000000e+05 3.489180000000000000e+05 0.000000000000000000e+00
1.521010000000000000e+05 3.488820000000000000e+05 0.000000000000000000e+00
1.550760000000000000e+05 3.463410000000000000e+05 0.000000000000000000e+00
1.453530000000000000e+05 3.476990000000000000e+05 0.000000000000000000e+00
1.498260000000000000e+05 3.510090000000000000e+05 0.000000000000000000e+00
1.457530000000000000e+05 3.544570000000000000e+05 0.000000000000000000e+00
1.512670000000000000e+05 3.475440000000000000e+05 0.000000000000000000e+00
1.481200000000000000e+05 3.536250000000000000e+05 0.000000000000000000e+00
1.544550000000000000e+05 3.512390000000000000e+05 0.000000000000000000e+00
1.502920000000000000e+05 3.490000000000000000e+05 0.000000000000000000e+00
1.516450000000000000e+05 3.522510000000000000e+05 0.000000000000000000e+00
1.526120000000000000e+05 3.505790000000000000e+05 0.000000000000000000e+00
1.486290000000000000e+05 3.450740000000000000e+05 0.000000000000000000e+00
1.525410000000000000e+05 3.502790000000000000e+05 0.000000000000000000e+00
1.441360000000000000e+05 3.506510000000000000e+05 0.000000000000000000e+00
1.498950000000000000e+05 3.492350000000000000e+05 0.000000000000000000e+00
1.527950000000000000e+05 3.507880000000000000e+05 0.000000000000000000e+00
1.502940000000000000e+05 3.503400000000000000e+05 0.000000000000000000e+00
1.486530000000000000e+05 3.557380000000000000e+05 0.000000000000000000e+00
1.506170000000000000e+05 3.495140000000000000e+05 0.000000000000000000e+00
1.499420000000000000e+05 3.482210000000000000e+05 0.000000000000000000e+00
1.470010000000000000e+05 3.481530000000000000e+05 0.000000000000000000e+00
1.509750000000000000e+05 3.472550000000000000e+05 0.000000000000000000e+00
1.535740000000000000e+05 3.524010000000000000e+05 0.000000000000000000e+00
1.497840000000000000e+05 3.531660000000000000e+05 0.000000000000000000e+00
1.483300000000000000e+05 3.457750000000000000e+05 0.000000000000000000e+00
1.525130000000000000e+05 3.513290000000000000e+05 0.000000000000000000e+00
1.480310000000000000e+05 3.482840000000000000e+05 0.000000000000000000e+00
1.538790000000000000e+05 3.556240000000000000e+05 0.000000000000000000e+00
1.551610000000000000e+05 3.516930000000000000e+05 0.000000000000000000e+00
1.505600000000000000e+05 3.497730000000000000e+05 0.000000000000000000e+00
1.525180000000000000e+05 3.529380000000000000e+05 0.000000000000000000e+00
1.517420000000000000e+05 3.526760000000000000e+05 0.000000000000000000e+00
1.533730000000000000e+05 3.499360000000000000e+05 0.000000000000000000e+00
1.439700000000000000e+05 3.503690000000000000e+05 0.000000000000000000e+00
1.490540000000000000e+05 3.503900000000000000e+05 0.000000000000000000e+00
1.512650000000000000e+05 3.501030000000000000e+05 0.000000000000000000e+00
1.534220000000000000e+05 3.533250000000000000e+05 0.000000000000000000e+00
1.488040000000000000e+05 3.551800000000000000e+05 0.000000000000000000e+00
1.564020000000000000e+05 3.504120000000000000e+05 0.000000000000000000e+00
1.431230000000000000e+05 3.504140000000000000e+05 0.000000000000000000e+00
1.513270000000000000e+05 3.478610000000000000e+05 0.000000000000000000e+00
1.485380000000000000e+05 3.518750000000000000e+05 0.000000000000000000e+00
1.554870000000000000e+05 3.511500000000000000e+05 0.000000000000000000e+00
1.488920000000000000e+05 3.494120000000000000e+05 0.000000000000000000e+00
1.503450000000000000e+05 3.537250000000000000e+05 0.000000000000000000e+00
1.466430000000000000e+05 3.510280000000000000e+05 0.000000000000000000e+00
1.479420000000000000e+05 3.490170000000000000e+05 0.000000000000000000e+00
1.543080000000000000e+05 3.450710000000000000e+05 0.000000000000000000e+00
1.530340000000000000e+05 3.467970000000000000e+05 0.000000000000000000e+00
1.470230000000000000e+05 3.479390000000000000e+05 0.000000000000000000e+00
1.546770000000000000e+05 3.518450000000000000e+05 0.000000000000000000e+00
1.469400000000000000e+05 3.524090000000000000e+05 0.000000000000000000e+00
1.500170000000000000e+05 3.496070000000000000e+05 0.000000000000000000e+00
1.478910000000000000e+05 3.506670000000000000e+05 0.000000000000000000e+00
1.470300000000000000e+05 3.512020000000000000e+05 0.000000000000000000e+00
1.505070000000000000e+05 3.530790000000000000e+05 0.000000000000000000e+00
1.471730000000000000e+05 3.470000000000000000e+05 0.000000000000000000e+00
1.511180000000000000e+05 3.453260000000000000e+05 0.000000000000000000e+00
1.463040000000000000e+05 3.504140000000000000e+05 0.000000000000000000e+00
1.541880000000000000e+05 3.524090000000000000e+05 0.000000000000000000e+00
1.526100000000000000e+05 3.516140000000000000e+05 0.000000000000000000e+00
1.513900000000000000e+05 3.470630000000000000e+05 0.000000000000000000e+00
1.489670000000000000e+05 3.501630000000000000e+05 0.000000000000000000e+00
1.482640000000000000e+05 3.428220000000000000e+05 0.000000000000000000e+00
1.498680000000000000e+05 3.476890000000000000e+05 0.000000000000000000e+00
1.519190000000000000e+05 3.523270000000000000e+05 0.000000000000000000e+00
1.559370000000000000e+05 3.538520000000000000e+05 0.000000000000000000e+00
1.530020000000000000e+05 3.558770000000000000e+05 0.000000000000000000e+00
1.528100000000000000e+05 3.460400000000000000e+05 0.000000000000000000e+00
1.467360000000000000e+05 3.450520000000000000e+05 0.000000000000000000e+00
1.448930000000000000e+05 3.554140000000000000e+05 0.000000000000000000e+00
1.454430000000000000e+05 3.515980000000000000e+05 0.000000000000000000e+00
1.463930000000000000e+05 3.527550000000000000e+05 0.000000000000000000e+00
1.486540000000000000e+05 3.457830000000000000e+05 0.000000000000000000e+00
1.525260000000000000e+05 3.497630000000000000e+05 0.000000000000000000e+00
1.530020000000000000e+05 3.532750000000000000e+05 0.000000000000000000e+00
1.469610000000000000e+05 3.497680000000000000e+05 0.000000000000000000e+00
1.497610000000000000e+05 3.492560000000000000e+05 0.000000000000000000e+00
1.545450000000000000e+05 3.502950000000000000e+05 0.000000000000000000e+00
1.533160000000000000e+05 3.499480000000000000e+05 0.000000000000000000e+00
1.524070000000000000e+05 3.487950000000000000e+05 0.000000000000000000e+00
1.492460000000000000e+05 3.499750000000000000e+05 0.000000000000000000e+00
1.448160000000000000e+05 3.531720000000000000e+05 0.000000000000000000e+00
1.438870000000000000e+05 3.490160000000000000e+05 0.000000000000000000e+00
1.534760000000000000e+05 3.457430000000000000e+05 0.000000000000000000e+00
1.498810000000000000e+05 3.493940000000000000e+05 0.000000000000000000e+00
1.476940000000000000e+05 3.545630000000000000e+05 0.000000000000000000e+00
1.462960000000000000e+05 3.485370000000000000e+05 0.000000000000000000e+00
1.504330000000000000e+05 3.489350000000000000e+05 0.000000000000000000e+00
1.530700000000000000e+05 3.552360000000000000e+05 0.000000000000000000e+00
1.506300000000000000e+05 3.507050000000000000e+05 0.000000000000000000e+00
1.458180000000000000e+05 3.505040000000000000e+05 0.000000000000000000e+00
1.544590000000000000e+05 3.528250000000000000e+05 0.000000000000000000e+00
1.511990000000000000e+05 3.518820000000000000e+05 0.000000000000000000e+00
1.480190000000000000e+05 3.507020000000000000e+05 0.000000000000000000e+00
1.443690000000000000e+05 3.455750000000000000e+05 0.000000000000000000e+00
1.527860000000000000e+05 3.494540000000000000e+05 0.000000000000000000e+00
1.531740000000000000e+05 3.534590000000000000e+05 0.000000000000000000e+00
1.533110000000000000e+05 3.460680000000000000e+05 0.000000000000000000e+00
1.463460000000000000e+05 3.510520000000000000e+05 0.000000000000000000e+00
1.456960000000000000e+05 3.481010000000000000e+05 0.000000000000000000e+00
1.493120000000000000e+05 3.473090000000000000e+05 0.000000000000000000e+00
1.474000000000000000e+05 3.485120000000000000e+05 0.000000000000000000e+00
1.514010000000000000e+05 3.504080000000000000e+05 0.000000000000000000e+00
1.474900000000000000e+05 3.444820000000000000e+05 0.000000000000000000e+00
1.562500000000000000e+05 3.490750000000000000e+05 0.000000000000000000e+00
1.493260000000000000e+05 3.499050000000000000e+05 0.000000000000000000e+00
1.502170000000000000e+05 3.502320000000000000e+05 0.000000000000000000e+00
1.514490000000000000e+05 3.554180000000000000e+05 0.000000000000000000e+00
1.450780000000000000e+05 3.460100000000000000e+05 0.000000000000000000e+00
1.510340000000000000e+05 3.495070000000000000e+05 0.000000000000000000e+00
1.462160000000000000e+05 3.499030000000000000e+05 0.000000000000000000e+00
1.470190000000000000e+05 3.552980000000000000e+05 0.000000000000000000e+00
1.461820000000000000e+05 3.508270000000000000e+05 0.000000000000000000e+00
1.517490000000000000e+05 3.541560000000000000e+05 0.000000000000000000e+00
1.511400000000000000e+05 3.474950000000000000e+05 0.000000000000000000e+00
1.492340000000000000e+05 3.478060000000000000e+05 0.000000000000000000e+00
1.483020000000000000e+05 3.509310000000000000e+05 0.000000000000000000e+00
1.513370000000000000e+05 3.516100000000000000e+05 0.000000000000000000e+00
1.484900000000000000e+05 3.528690000000000000e+05 0.000000000000000000e+00
1.502610000000000000e+05 3.520870000000000000e+05 0.000000000000000000e+00
1.506390000000000000e+05 3.521040000000000000e+05 0.000000000000000000e+00
1.486140000000000000e+05 3.502080000000000000e+05 0.000000000000000000e+00
1.503810000000000000e+05 3.507860000000000000e+05 0.000000000000000000e+00
1.512310000000000000e+05 3.496110000000000000e+05 0.000000000000000000e+00
1.471920000000000000e+05 3.456950000000000000e+05 0.000000000000000000e+00
1.483480000000000000e+05 3.526540000000000000e+05 0.000000000000000000e+00
1.491190000000000000e+05 3.524800000000000000e+05 0.000000000000000000e+00
1.501060000000000000e+05 3.523280000000000000e+05 0.000000000000000000e+00
1.505900000000000000e+05 3.484260000000000000e+05 0.000000000000000000e+00
1.506770000000000000e+05 3.473920000000000000e+05 0.000000000000000000e+00
1.472670000000000000e+05 3.408550000000000000e+05 0.000000000000000000e+00
1.519370000000000000e+05 3.490700000000000000e+05 0.000000000000000000e+00
1.467560000000000000e+05 3.524500000000000000e+05 0.000000000000000000e+00
1.520460000000000000e+05 3.471650000000000000e+05 0.000000000000000000e+00
1.488160000000000000e+05 3.480600000000000000e+05 0.000000000000000000e+00
1.501260000000000000e+05 3.499560000000000000e+05 0.000000000000000000e+00
1.525930000000000000e+05 3.553590000000000000e+05 0.000000000000000000e+00
1.477050000000000000e+05 3.457420000000000000e+05 0.000000000000000000e+00
1.501930000000000000e+05 3.499230000000000000e+05 0.000000000000000000e+00
1.457830000000000000e+05 3.462120000000000000e+05 0.000000000000000000e+00
1.488210000000000000e+05 3.443480000000000000e+05 0.000000000000000000e+00
1.516150000000000000e+05 3.519680000000000000e+05 0.000000000000000000e+00
1.472360000000000000e+05 3.521290000000000000e+05 0.000000000000000000e+00
1.506770000000000000e+05 3.490230000000000000e+05 0.000000000000000000e+00
1.484790000000000000e+05 3.502370000000000000e+05 0.000000000000000000e+00
1.501620000000000000e+05 3.521160000000000000e+05 0.000000000000000000e+00
1.479330000000000000e+05 3.500930000000000000e+05 0.000000000000000000e+00
1.497260000000000000e+05 3.474130000000000000e+05 0.000000000000000000e+00
1.483180000000000000e+05 3.431930000000000000e+05 0.000000000000000000e+00
1.503340000000000000e+05 3.463700000000000000e+05 0.000000000000000000e+00
1.492130000000000000e+05 3.449920000000000000e+05 0.000000000000000000e+00
1.490400000000000000e+05 3.496650000000000000e+05 0.000000000000000000e+00
1.501660000000000000e+05 3.516960000000000000e+05 0.000000000000000000e+00
1.804670000000000000e+05 3.754680000000000000e+05 1.000000000000000000e+00
1.839090000000000000e+05 3.785480000000000000e+05 1.000000000000000000e+00
1.787820000000000000e+05 3.808290000000000000e+05 1.000000000000000000e+00
1.827440000000000000e+05 3.780760000000000000e+05 1.000000000000000000e+00
1.790370000000000000e+05 3.800230000000000000e+05 1.000000000000000000e+00
1.815970000000000000e+05 3.796390000000000000e+05 1.000000000000000000e+00
1.810840000000000000e+05 3.765620000000000000e+05 1.000000000000000000e+00
1.784800000000000000e+05 3.769550000000000000e+05 1.000000000000000000e+00
1.807110000000000000e+05 3.776510000000000000e+05 1.000000000000000000e+00
1.834490000000000000e+05 3.814900000000000000e+05 1.000000000000000000e+00
1.800170000000000000e+05 3.796770000000000000e+05 1.000000000000000000e+00
1.805320000000000000e+05 3.821990000000000000e+05 1.000000000000000000e+00
1.827600000000000000e+05 3.802290000000000000e+05 1.000000000000000000e+00
1.806070000000000000e+05 3.822490000000000000e+05 1.000000000000000000e+00
1.816980000000000000e+05 3.795930000000000000e+05 1.000000000000000000e+00
1.722410000000000000e+05 3.756220000000000000e+05 1.000000000000000000e+00
1.818350000000000000e+05 3.804860000000000000e+05 1.000000000000000000e+00
1.817020000000000000e+05 3.787220000000000000e+05 1.000000000000000000e+00
1.797890000000000000e+05 3.808800000000000000e+05 1.000000000000000000e+00
1.834790000000000000e+05 3.785240000000000000e+05 1.000000000000000000e+00
1.793380000000000000e+05 3.773360000000000000e+05 1.000000000000000000e+00
1.767630000000000000e+05 3.830590000000000000e+05 1.000000000000000000e+00
1.768200000000000000e+05 3.806400000000000000e+05 1.000000000000000000e+00
1.807610000000000000e+05 3.752270000000000000e+05 1.000000000000000000e+00
1.834560000000000000e+05 3.816080000000000000e+05 1.000000000000000000e+00
1.813880000000000000e+05 3.836150000000000000e+05 1.000000000000000000e+00
1.785590000000000000e+05 3.805220000000000000e+05 1.000000000000000000e+00
1.759770000000000000e+05 3.797440000000000000e+05 1.000000000000000000e+00
1.875700000000000000e+05 3.830840000000000000e+05 1.000000000000000000e+00
1.781600000000000000e+05 3.823170000000000000e+05 1.000000000000000000e+00
1.782750000000000000e+05 3.747480000000000000e+05 1.000000000000000000e+00
1.736080000000000000e+05 3.756150000000000000e+05 1.000000000000000000e+00
1.796060000000000000e+05 3.833340000000000000e+05 1.000000000000000000e+00
1.809830000000000000e+05 3.812810000000000000e+05 1.000000000000000000e+00
1.860420000000000000e+05 3.824300000000000000e+05 1.000000000000000000e+00
1.768090000000000000e+05 3.765280000000000000e+05 1.000000000000000000e+00
1.771470000000000000e+05 3.751370000000000000e+05 1.000000000000000000e+00
1.812320000000000000e+05 3.808240000000000000e+05 1.000000000000000000e+00
1.808070000000000000e+05 3.779970000000000000e+05 1.000000000000000000e+00
1.794420000000000000e+05 3.802870000000000000e+05 1.000000000000000000e+00
1.816500000000000000e+05 3.807390000000000000e+05 1.000000000000000000e+00
1.832260000000000000e+05 3.771480000000000000e+05 1.000000000000000000e+00
1.753010000000000000e+05 3.847160000000000000e+05 1.000000000000000000e+00
1.826120000000000000e+05 3.838660000000000000e+05 1.000000000000000000e+00
1.850550000000000000e+05 3.781800000000000000e+05 1.000000000000000000e+00
1.822740000000000000e+05 3.806540000000000000e+05 1.000000000000000000e+00
1.759790000000000000e+05 3.763990000000000000e+05 1.000000000000000000e+00
1.775900000000000000e+05 3.770480000000000000e+05 1.000000000000000000e+00
1.861110000000000000e+05 3.810860000000000000e+05 1.000000000000000000e+00
1.755250000000000000e+05 3.763590000000000000e+05 1.000000000000000000e+00
1.799870000000000000e+05 3.823310000000000000e+05 1.000000000000000000e+00
1.799810000000000000e+05 3.798480000000000000e+05 1.000000000000000000e+00
1.772500000000000000e+05 3.759520000000000000e+05 1.000000000000000000e+00
1.766250000000000000e+05 3.813910000000000000e+05 1.000000000000000000e+00
1.849730000000000000e+05 3.786130000000000000e+05 1.000000000000000000e+00
1.813810000000000000e+05 3.778600000000000000e+05 1.000000000000000000e+00
1.819540000000000000e+05 3.813200000000000000e+05 1.000000000000000000e+00
1.798780000000000000e+05 3.778030000000000000e+05 1.000000000000000000e+00
1.800790000000000000e+05 3.840140000000000000e+05 1.000000000000000000e+00
1.801050000000000000e+05 3.871980000000000000e+05 1.000000000000000000e+00
1.832310000000000000e+05 3.817260000000000000e+05 1.000000000000000000e+00
1.791630000000000000e+05 3.788190000000000000e+05 1.000000000000000000e+00
1.773060000000000000e+05 3.794720000000000000e+05 1.000000000000000000e+00
1.851700000000000000e+05 3.786340000000000000e+05 1.000000000000000000e+00
1.819040000000000000e+05 3.825920000000000000e+05 1.000000000000000000e+00
1.737510000000000000e+05 3.765480000000000000e+05 1.000000000000000000e+00
1.838130000000000000e+05 3.779500000000000000e+05 1.000000000000000000e+00
1.858010000000000000e+05 3.797300000000000000e+05 1.000000000000000000e+00
1.787050000000000000e+05 3.819730000000000000e+05 1.000000000000000000e+00
1.867680000000000000e+05 3.839910000000000000e+05 1.000000000000000000e+00
1.805920000000000000e+05 3.834370000000000000e+05 1.000000000000000000e+00
1.797640000000000000e+05 3.803110000000000000e+05 1.000000000000000000e+00
1.775270000000000000e+05 3.792680000000000000e+05 1.000000000000000000e+00
1.808230000000000000e+05 3.812110000000000000e+05 1.000000000000000000e+00
1.780430000000000000e+05 3.792300000000000000e+05 1.000000000000000000e+00
1.779160000000000000e+05 3.748780000000000000e+05 1.000000000000000000e+00
1.764100000000000000e+05 3.838750000000000000e+05 1.000000000000000000e+00
1.730930000000000000e+05 3.825220000000000000e+05 1.000000000000000000e+00
1.805610000000000000e+05 3.784360000000000000e+05 1.000000000000000000e+00
1.842710000000000000e+05 3.762980000000000000e+05 1.000000000000000000e+00
1.772780000000000000e+05 3.801620000000000000e+05 1.000000000000000000e+00
1.811560000000000000e+05 3.799060000000000000e+05 1.000000000000000000e+00
1.721330000000000000e+05 3.803110000000000000e+05 1.000000000000000000e+00
1.846400000000000000e+05 3.766630000000000000e+05 1.000000000000000000e+00
1.819900000000000000e+05 3.808370000000000000e+05 1.000000000000000000e+00
1.806260000000000000e+05 3.789950000000000000e+05 1.000000000000000000e+00
1.755080000000000000e+05 3.835290000000000000e+05 1.000000000000000000e+00
1.788420000000000000e+05 3.761540000000000000e+05 1.000000000000000000e+00
1.779790000000000000e+05 3.788220000000000000e+05 1.000000000000000000e+00
1.808730000000000000e+05 3.763980000000000000e+05 1.000000000000000000e+00
1.834860000000000000e+05 3.791750000000000000e+05 1.000000000000000000e+00
1.794070000000000000e+05 3.851890000000000000e+05 1.000000000000000000e+00
1.807250000000000000e+05 3.799930000000000000e+05 1.000000000000000000e+00
1.837210000000000000e+05 3.813650000000000000e+05 1.000000000000000000e+00
1.816700000000000000e+05 3.838310000000000000e+05 1.000000000000000000e+00
1.812360000000000000e+05 3.862440000000000000e+05 1.000000000000000000e+00
1.785520000000000000e+05 3.741490000000000000e+05 1.000000000000000000e+00
1.851620000000000000e+05 3.802010000000000000e+05 1.000000000000000000e+00
1.839260000000000000e+05 3.791370000000000000e+05 1.000000000000000000e+00
1.786130000000000000e+05 3.798040000000000000e+05 1.000000000000000000e+00
1.792170000000000000e+05 3.825380000000000000e+05 1.000000000000000000e+00
1.783390000000000000e+05 3.818940000000000000e+05 1.000000000000000000e+00
1.753590000000000000e+05 3.831180000000000000e+05 1.000000000000000000e+00
1.824290000000000000e+05 3.742480000000000000e+05 1.000000000000000000e+00
1.801620000000000000e+05 3.759930000000000000e+05 1.000000000000000000e+00
1.819710000000000000e+05 3.826690000000000000e+05 1.000000000000000000e+00
1.784250000000000000e+05 3.828100000000000000e+05 1.000000000000000000e+00
1.871380000000000000e+05 3.768370000000000000e+05 1.000000000000000000e+00
1.828870000000000000e+05 3.794340000000000000e+05 1.000000000000000000e+00
1.799470000000000000e+05 3.795290000000000000e+05 1.000000000000000000e+00
1.753410000000000000e+05 3.771690000000000000e+05 1.000000000000000000e+00
1.801180000000000000e+05 3.783380000000000000e+05 1.000000000000000000e+00
1.818280000000000000e+05 3.820950000000000000e+05 1.000000000000000000e+00
1.726780000000000000e+05 3.774520000000000000e+05 1.000000000000000000e+00
1.833710000000000000e+05 3.776450000000000000e+05 1.000000000000000000e+00
1.854140000000000000e+05 3.757270000000000000e+05 1.000000000000000000e+00
1.807750000000000000e+05 3.804110000000000000e+05 1.000000000000000000e+00
1.843690000000000000e+05 3.836480000000000000e+05 1.000000000000000000e+00
1.834790000000000000e+05 3.794450000000000000e+05 1.000000000000000000e+00
1.813730000000000000e+05 3.832750000000000000e+05 1.000000000000000000e+00
1.816540000000000000e+05 3.795640000000000000e+05 1.000000000000000000e+00
1.811470000000000000e+05 3.792660000000000000e+05 1.000000000000000000e+00
1.808730000000000000e+05 3.785180000000000000e+05 1.000000000000000000e+00
1.834510000000000000e+05 3.771220000000000000e+05 1.000000000000000000e+00
1.763010000000000000e+05 3.727980000000000000e+05 1.000000000000000000e+00
1.795250000000000000e+05 3.749160000000000000e+05 1.000000000000000000e+00
1.817830000000000000e+05 3.784240000000000000e+05 1.000000000000000000e+00
1.856210000000000000e+05 3.808310000000000000e+05 1.000000000000000000e+00
1.790600000000000000e+05 3.810630000000000000e+05 1.000000000000000000e+00
1.858730000000000000e+05 3.810240000000000000e+05 1.000000000000000000e+00
1.782450000000000000e+05 3.830960000000000000e+05 1.000000000000000000e+00
1.770830000000000000e+05 3.847160000000000000e+05 1.000000000000000000e+00
1.781370000000000000e+05 3.824090000000000000e+05 1.000000000000000000e+00
1.806440000000000000e+05 3.805200000000000000e+05 1.000000000000000000e+00
1.809780000000000000e+05 3.797000000000000000e+05 1.000000000000000000e+00
1.815040000000000000e+05 3.795180000000000000e+05 1.000000000000000000e+00
1.866430000000000000e+05 3.793000000000000000e+05 1.000000000000000000e+00
1.850870000000000000e+05 3.798830000000000000e+05 1.000000000000000000e+00
1.836700000000000000e+05 3.856980000000000000e+05 1.000000000000000000e+00
1.776900000000000000e+05 3.786090000000000000e+05 1.000000000000000000e+00
1.792370000000000000e+05 3.817870000000000000e+05 1.000000000000000000e+00
1.792080000000000000e+05 3.745670000000000000e+05 1.000000000000000000e+00
1.819610000000000000e+05 3.826040000000000000e+05 1.000000000000000000e+00
1.791800000000000000e+05 3.843590000000000000e+05 1.000000000000000000e+00
1.792280000000000000e+05 3.810300000000000000e+05 1.000000000000000000e+00
1.799500000000000000e+05 3.792800000000000000e+05 1.000000000000000000e+00
1.769160000000000000e+05 3.803930000000000000e+05 1.000000000000000000e+00
1.801280000000000000e+05 3.761900000000000000e+05 1.000000000000000000e+00
1.781730000000000000e+05 3.804600000000000000e+05 1.000000000000000000e+00
1.777160000000000000e+05 3.715000000000000000e+05 1.000000000000000000e+00
1.785950000000000000e+05 3.810530000000000000e+05 1.000000000000000000e+00
1.777860000000000000e+05 3.734520000000000000e+05 1.000000000000000000e+00
1.742230000000000000e+05 3.806520000000000000e+05 1.000000000000000000e+00
1.785210000000000000e+05 3.791360000000000000e+05 1.000000000000000000e+00
1.824020000000000000e+05 3.838380000000000000e+05 1.000000000000000000e+00
1.834090000000000000e+05 3.779960000000000000e+05 1.000000000000000000e+00
1.786310000000000000e+05 3.817880000000000000e+05 1.000000000000000000e+00
1.786350000000000000e+05 3.802780000000000000e+05 1.000000000000000000e+00
1.787220000000000000e+05 3.750840000000000000e+05 1.000000000000000000e+00
1.824450000000000000e+05 3.840240000000000000e+05 1.000000000000000000e+00
1.796350000000000000e+05 3.763970000000000000e+05 1.000000000000000000e+00
1.790300000000000000e+05 3.815340000000000000e+05 1.000000000000000000e+00
1.783190000000000000e+05 3.797800000000000000e+05 1.000000000000000000e+00
1.786100000000000000e+05 3.771150000000000000e+05 1.000000000000000000e+00
1.792290000000000000e+05 3.838700000000000000e+05 1.000000000000000000e+00
1.781170000000000000e+05 3.784120000000000000e+05 1.000000000000000000e+00
1.838030000000000000e+05 3.782090000000000000e+05 1.000000000000000000e+00
1.797800000000000000e+05 3.766410000000000000e+05 1.000000000000000000e+00
1.808370000000000000e+05 3.789880000000000000e+05 1.000000000000000000e+00
1.787640000000000000e+05 3.852620000000000000e+05 1.000000000000000000e+00
1.831270000000000000e+05 3.772970000000000000e+05 1.000000000000000000e+00
1.742880000000000000e+05 3.790210000000000000e+05 1.000000000000000000e+00
1.785760000000000000e+05 3.781030000000000000e+05 1.000000000000000000e+00
1.831120000000000000e+05 3.823810000000000000e+05 1.000000000000000000e+00
1.835140000000000000e+05 3.790640000000000000e+05 1.000000000000000000e+00
1.759370000000000000e+05 3.821960000000000000e+05 1.000000000000000000e+00
1.822710000000000000e+05 3.785550000000000000e+05 1.000000000000000000e+00
1.765800000000000000e+05 3.760320000000000000e+05 1.000000000000000000e+00
1.842810000000000000e+05 3.813010000000000000e+05 1.000000000000000000e+00
1.772360000000000000e+05 3.810250000000000000e+05 1.000000000000000000e+00
1.799150000000000000e+05 3.792540000000000000e+05 1.000000000000000000e+00
1.815280000000000000e+05 3.788540000000000000e+05 1.000000000000000000e+00
1.795130000000000000e+05 3.828330000000000000e+05 1.000000000000000000e+00
1.813200000000000000e+05 3.835490000000000000e+05 1.000000000000000000e+00
1.823280000000000000e+05 3.824990000000000000e+05 1.000000000000000000e+00
1.814000000000000000e+05 3.814630000000000000e+05 1.000000000000000000e+00
1.815560000000000000e+05 3.812440000000000000e+05 1.000000000000000000e+00
1.818390000000000000e+05 3.787960000000000000e+05 1.000000000000000000e+00
1.799140000000000000e+05 3.836850000000000000e+05 1.000000000000000000e+00
1.818230000000000000e+05 3.790640000000000000e+05 1.000000000000000000e+00
1.777060000000000000e+05 3.765190000000000000e+05 1.000000000000000000e+00
1.758190000000000000e+05 3.810370000000000000e+05 1.000000000000000000e+00
1.755120000000000000e+05 3.812700000000000000e+05 1.000000000000000000e+00
1.762540000000000000e+05 3.718810000000000000e+05 1.000000000000000000e+00
1.781450000000000000e+05 3.790660000000000000e+05 1.000000000000000000e+00
1.841500000000000000e+05 3.768580000000000000e+05 1.000000000000000000e+00
1.835560000000000000e+05 3.873720000000000000e+05 1.000000000000000000e+00
1.801480000000000000e+05 3.770670000000000000e+05 1.000000000000000000e+00
1.782290000000000000e+05 3.775650000000000000e+05 1.000000000000000000e+00
1.776320000000000000e+05 3.836420000000000000e+05 1.000000000000000000e+00
2.292720000000000000e+05 3.453280000000000000e+05 2.000000000000000000e+00
2.271830000000000000e+05 3.534930000000000000e+05 2.000000000000000000e+00
2.337520000000000000e+05 3.470500000000000000e+05 2.000000000000000000e+00
2.265200000000000000e+05 3.512790000000000000e+05 2.000000000000000000e+00
2.311730000000000000e+05 3.448360000000000000e+05 2.000000000000000000e+00
2.258480000000000000e+05 3.512110000000000000e+05 2.000000000000000000e+00
2.286140000000000000e+05 3.539810000000000000e+05 2.000000000000000000e+00
2.270470000000000000e+05 3.459720000000000000e+05 2.000000000000000000e+00
2.299380000000000000e+05 3.530320000000000000e+05 2.000000000000000000e+00
2.281210000000000000e+05 3.489560000000000000e+05 2.000000000000000000e+00
2.314520000000000000e+05 3.497820000000000000e+05 2.000000000000000000e+00
2.236420000000000000e+05 3.556150000000000000e+05 2.000000000000000000e+00
2.304280000000000000e+05 3.483570000000000000e+05 2.000000000000000000e+00
2.300690000000000000e+05 3.498790000000000000e+05 2.000000000000000000e+00
2.395870000000000000e+05 3.539600000000000000e+05 2.000000000000000000e+00
2.310440000000000000e+05 3.476690000000000000e+05 2.000000000000000000e+00
2.291320000000000000e+05 3.547470000000000000e+05 2.000000000000000000e+00
2.278300000000000000e+05 3.525430000000000000e+05 2.000000000000000000e+00
2.307300000000000000e+05 3.485220000000000000e+05 2.000000000000000000e+00
2.311290000000000000e+05 3.501760000000000000e+05 2.000000000000000000e+00
2.323970000000000000e+05 3.518810000000000000e+05 2.000000000000000000e+00
2.281210000000000000e+05 3.573380000000000000e+05 2.000000000000000000e+00
2.308950000000000000e+05 3.571780000000000000e+05 2.000000000000000000e+00
2.351780000000000000e+05 3.516120000000000000e+05 2.000000000000000000e+00
2.251890000000000000e+05 3.440280000000000000e+05 2.000000000000000000e+00
2.243950000000000000e+05 3.491260000000000000e+05 2.000000000000000000e+00
2.308570000000000000e+05 3.491250000000000000e+05 2.000000000000000000e+00
2.283560000000000000e+05 3.502730000000000000e+05 2.000000000000000000e+00
2.251730000000000000e+05 3.451690000000000000e+05 2.000000000000000000e+00
2.326490000000000000e+05 3.494960000000000000e+05 2.000000000000000000e+00
2.363380000000000000e+05 3.501050000000000000e+05 2.000000000000000000e+00
2.328300000000000000e+05 3.542130000000000000e+05 2.000000000000000000e+00
2.300510000000000000e+05 3.563840000000000000e+05 2.000000000000000000e+00
2.288370000000000000e+05 3.531390000000000000e+05 2.000000000000000000e+00
2.306820000000000000e+05 3.543650000000000000e+05 2.000000000000000000e+00
2.315860000000000000e+05 3.529900000000000000e+05 2.000000000000000000e+00
2.334230000000000000e+05 3.428350000000000000e+05 2.000000000000000000e+00
2.290340000000000000e+05 3.514260000000000000e+05 2.000000000000000000e+00
2.317300000000000000e+05 3.520500000000000000e+05 2.000000000000000000e+00
2.287930000000000000e+05 3.527150000000000000e+05 2.000000000000000000e+00
2.281750000000000000e+05 3.447430000000000000e+05 2.000000000000000000e+00
2.288350000000000000e+05 3.468880000000000000e+05 2.000000000000000000e+00
2.333980000000000000e+05 3.508370000000000000e+05 2.000000000000000000e+00
2.251940000000000000e+05 3.477040000000000000e+05 2.000000000000000000e+00
2.324390000000000000e+05 3.524700000000000000e+05 2.000000000000000000e+00
2.326690000000000000e+05 3.516050000000000000e+05 2.000000000000000000e+00
2.238830000000000000e+05 3.519080000000000000e+05 2.000000000000000000e+00
2.307010000000000000e+05 3.463780000000000000e+05 2.000000000000000000e+00
2.296420000000000000e+05 3.518700000000000000e+05 2.000000000000000000e+00
2.283520000000000000e+05 3.528890000000000000e+05 2.000000000000000000e+00
2.342440000000000000e+05 3.484380000000000000e+05 2.000000000000000000e+00
2.325750000000000000e+05 3.522090000000000000e+05 2.000000000000000000e+00
2.279290000000000000e+05 3.536270000000000000e+05 2.000000000000000000e+00
2.322130000000000000e+05 3.429060000000000000e+05 2.000000000000000000e+00
2.273720000000000000e+05 3.512730000000000000e+05 2.000000000000000000e+00
2.289320000000000000e+05 3.511870000000000000e+05 2.000000000000000000e+00
2.275540000000000000e+05 3.549560000000000000e+05 2.000000000000000000e+00
2.327640000000000000e+05 3.520590000000000000e+05 2.000000000000000000e+00
2.305050000000000000e+05 3.530480000000000000e+05 2.000000000000000000e+00
2.307970000000000000e+05 3.485790000000000000e+05 2.000000000000000000e+00
2.259160000000000000e+05 3.537850000000000000e+05 2.000000000000000000e+00
2.294020000000000000e+05 3.543550000000000000e+05 2.000000000000000000e+00
2.302880000000000000e+05 3.493200000000000000e+05 2.000000000000000000e+00
2.288140000000000000e+05 3.488190000000000000e+05 2.000000000000000000e+00
2.314460000000000000e+05 3.527140000000000000e+05 2.000000000000000000e+00
2.270550000000000000e+05 3.521860000000000000e+05 2.000000000000000000e+00
2.256150000000000000e+05 3.540200000000000000e+05 2.000000000000000000e+00
2.325660000000000000e+05 3.446250000000000000e+05 2.000000000000000000e+00
2.301580000000000000e+05 3.506270000000000000e+05 2.000000000000000000e+00
2.247700000000000000e+05 3.474640000000000000e+05 2.000000000000000000e+00
2.290520000000000000e+05 3.475930000000000000e+05 2.000000000000000000e+00
2.258410000000000000e+05 3.474160000000000000e+05 2.000000000000000000e+00
2.286370000000000000e+05 3.453490000000000000e+05 2.000000000000000000e+00
2.294500000000000000e+05 3.514640000000000000e+05 2.000000000000000000e+00
2.339850000000000000e+05 3.484780000000000000e+05 2.000000000000000000e+00
2.281110000000000000e+05 3.522550000000000000e+05 2.000000000000000000e+00
2.245810000000000000e+05 3.512230000000000000e+05 2.000000000000000000e+00
2.269800000000000000e+05 3.482720000000000000e+05 2.000000000000000000e+00
2.265620000000000000e+05 3.519720000000000000e+05 2.000000000000000000e+00
2.293330000000000000e+05 3.517690000000000000e+05 2.000000000000000000e+00
2.321990000000000000e+05 3.522400000000000000e+05 2.000000000000000000e+00
2.358620000000000000e+05 3.542200000000000000e+05 2.000000000000000000e+00
2.309330000000000000e+05 3.494220000000000000e+05 2.000000000000000000e+00
2.224300000000000000e+05 3.493950000000000000e+05 2.000000000000000000e+00
2.246190000000000000e+05 3.493370000000000000e+05 2.000000000000000000e+00
2.296180000000000000e+05 3.495750000000000000e+05 2.000000000000000000e+00
2.259660000000000000e+05 3.486250000000000000e+05 2.000000000000000000e+00
2.320450000000000000e+05 3.481620000000000000e+05 2.000000000000000000e+00
2.279820000000000000e+05 3.497390000000000000e+05 2.000000000000000000e+00
2.317410000000000000e+05 3.491910000000000000e+05 2.000000000000000000e+00
2.352560000000000000e+05 3.519640000000000000e+05 2.000000000000000000e+00
2.327970000000000000e+05 3.479220000000000000e+05 2.000000000000000000e+00
2.313790000000000000e+05 3.467010000000000000e+05 2.000000000000000000e+00
2.303520000000000000e+05 3.490100000000000000e+05 2.000000000000000000e+00
2.307820000000000000e+05 3.535710000000000000e+05 2.000000000000000000e+00
2.311860000000000000e+05 3.513240000000000000e+05 2.000000000000000000e+00
2.238960000000000000e+05 3.467390000000000000e+05 2.000000000000000000e+00
2.289660000000000000e+05 3.476220000000000000e+05 2.000000000000000000e+00
2.352130000000000000e+05 3.476190000000000000e+05 2.000000000000000000e+00
2.293970000000000000e+05 3.460280000000000000e+05 2.000000000000000000e+00
2.269010000000000000e+05 3.533220000000000000e+05 2.000000000000000000e+00
2.231070000000000000e+05 3.544640000000000000e+05 2.000000000000000000e+00
2.280080000000000000e+05 3.448810000000000000e+05 2.000000000000000000e+00
2.305850000000000000e+05 3.487000000000000000e+05 2.000000000000000000e+00
2.270190000000000000e+05 3.515320000000000000e+05 2.000000000000000000e+00
2.297010000000000000e+05 3.478130000000000000e+05 2.000000000000000000e+00
2.279590000000000000e+05 3.437600000000000000e+05 2.000000000000000000e+00
2.275060000000000000e+05 3.529530000000000000e+05 2.000000000000000000e+00
2.305610000000000000e+05 3.480940000000000000e+05 2.000000000000000000e+00
2.295300000000000000e+05 3.529410000000000000e+05 2.000000000000000000e+00
2.284530000000000000e+05 3.453690000000000000e+05 2.000000000000000000e+00
2.232590000000000000e+05 3.493230000000000000e+05 2.000000000000000000e+00
2.327050000000000000e+05 3.472080000000000000e+05 2.000000000000000000e+00
2.317260000000000000e+05 3.492370000000000000e+05 2.000000000000000000e+00
2.332320000000000000e+05 3.454720000000000000e+05 2.000000000000000000e+00
2.305060000000000000e+05 3.477630000000000000e+05 2.000000000000000000e+00
2.321310000000000000e+05 3.507450000000000000e+05 2.000000000000000000e+00
2.264210000000000000e+05 3.455300000000000000e+05 2.000000000000000000e+00
2.324050000000000000e+05 3.485760000000000000e+05 2.000000000000000000e+00
2.294130000000000000e+05 3.483820000000000000e+05 2.000000000000000000e+00
2.318230000000000000e+05 3.521080000000000000e+05 2.000000000000000000e+00
2.299670000000000000e+05 3.526830000000000000e+05 2.000000000000000000e+00
2.304000000000000000e+05 3.499040000000000000e+05 2.000000000000000000e+00
2.324690000000000000e+05 3.512130000000000000e+05 2.000000000000000000e+00
2.366490000000000000e+05 3.556670000000000000e+05 2.000000000000000000e+00
2.320960000000000000e+05 3.508690000000000000e+05 2.000000000000000000e+00
2.277870000000000000e+05 3.526050000000000000e+05 2.000000000000000000e+00
2.351500000000000000e+05 3.513110000000000000e+05 2.000000000000000000e+00
2.327140000000000000e+05 3.515450000000000000e+05 2.000000000000000000e+00
2.267990000000000000e+05 3.519710000000000000e+05 2.000000000000000000e+00
2.266270000000000000e+05 3.493930000000000000e+05 2.000000000000000000e+00
2.296540000000000000e+05 3.528400000000000000e+05 2.000000000000000000e+00
2.250400000000000000e+05 3.524480000000000000e+05 2.000000000000000000e+00
2.312000000000000000e+05 3.454470000000000000e+05 2.000000000000000000e+00
2.321380000000000000e+05 3.515550000000000000e+05 2.000000000000000000e+00
2.325300000000000000e+05 3.522990000000000000e+05 2.000000000000000000e+00
2.345230000000000000e+05 3.495490000000000000e+05 2.000000000000000000e+00
2.261740000000000000e+05 3.510730000000000000e+05 2.000000000000000000e+00
2.316830000000000000e+05 3.499290000000000000e+05 2.000000000000000000e+00
2.318900000000000000e+05 3.491450000000000000e+05 2.000000000000000000e+00
2.295750000000000000e+05 3.487590000000000000e+05 2.000000000000000000e+00
2.302460000000000000e+05 3.505750000000000000e+05 2.000000000000000000e+00
2.299140000000000000e+05 3.490240000000000000e+05 2.000000000000000000e+00
2.256740000000000000e+05 3.519860000000000000e+05 2.000000000000000000e+00
2.249550000000000000e+05 3.512250000000000000e+05 2.000000000000000000e+00
2.285090000000000000e+05 3.461840000000000000e+05 2.000000000000000000e+00
2.299480000000000000e+05 3.482850000000000000e+05 2.000000000000000000e+00
2.269990000000000000e+05 3.493720000000000000e+05 2.000000000000000000e+00
2.320020000000000000e+05 3.509360000000000000e+05 2.000000000000000000e+00
2.280690000000000000e+05 3.545260000000000000e+05 2.000000000000000000e+00
2.284850000000000000e+05 3.496720000000000000e+05 2.000000000000000000e+00
2.292420000000000000e+05 3.477420000000000000e+05 2.000000000000000000e+00
2.266790000000000000e+05 3.492320000000000000e+05 2.000000000000000000e+00
2.280400000000000000e+05 3.482760000000000000e+05 2.000000000000000000e+00
2.300190000000000000e+05 3.499390000000000000e+05 2.000000000000000000e+00
2.353770000000000000e+05 3.514550000000000000e+05 2.000000000000000000e+00
2.285110000000000000e+05 3.531910000000000000e+05 2.000000000000000000e+00
2.268060000000000000e+05 3.483610000000000000e+05 2.000000000000000000e+00
2.286070000000000000e+05 3.518190000000000000e+05 2.000000000000000000e+00
2.291400000000000000e+05 3.558210000000000000e+05 2.000000000000000000e+00
2.276370000000000000e+05 3.465490000000000000e+05 2.000000000000000000e+00
2.271680000000000000e+05 3.457490000000000000e+05 2.000000000000000000e+00
2.291960000000000000e+05 3.465690000000000000e+05 2.000000000000000000e+00
2.302060000000000000e+05 3.452690000000000000e+05 2.000000000000000000e+00
2.307790000000000000e+05 3.438830000000000000e+05 2.000000000000000000e+00
2.317440000000000000e+05 3.482200000000000000e+05 2.000000000000000000e+00
2.317040000000000000e+05 3.559440000000000000e+05 2.000000000000000000e+00
2.351180000000000000e+05 3.460340000000000000e+05 2.000000000000000000e+00
2.337010000000000000e+05 3.470990000000000000e+05 2.000000000000000000e+00
2.249680000000000000e+05 3.518820000000000000e+05 2.000000000000000000e+00
2.281170000000000000e+05 3.503950000000000000e+05 2.000000000000000000e+00
2.331500000000000000e+05 3.489140000000000000e+05 2.000000000000000000e+00
2.285050000000000000e+05 3.561230000000000000e+05 2.000000000000000000e+00
2.324330000000000000e+05 3.518150000000000000e+05 2.000000000000000000e+00
2.286880000000000000e+05 3.517390000000000000e+05 2.000000000000000000e+00
2.266030000000000000e+05 3.504000000000000000e+05 2.000000000000000000e+00
2.264200000000000000e+05 3.504070000000000000e+05 2.000000000000000000e+00
2.279900000000000000e+05 3.477900000000000000e+05 2.000000000000000000e+00
2.363110000000000000e+05 3.523210000000000000e+05 2.000000000000000000e+00
2.279840000000000000e+05 3.565200000000000000e+05 2.000000000000000000e+00
2.319830000000000000e+05 3.523250000000000000e+05 2.000000000000000000e+00
2.256730000000000000e+05 3.501360000000000000e+05 2.000000000000000000e+00
2.321630000000000000e+05 3.566250000000000000e+05 2.000000000000000000e+00
2.299950000000000000e+05 3.500910000000000000e+05 2.000000000000000000e+00
2.308000000000000000e+05 3.487520000000000000e+05 2.000000000000000000e+00
2.313830000000000000e+05 3.508490000000000000e+05 2.000000000000000000e+00
2.302720000000000000e+05 3.488530000000000000e+05 2.000000000000000000e+00
2.317320000000000000e+05 3.425100000000000000e+05 2.000000000000000000e+00
2.295270000000000000e+05 3.521800000000000000e+05 2.000000000000000000e+00
2.260630000000000000e+05 3.443970000000000000e+05 2.000000000000000000e+00
2.280550000000000000e+05 3.473700000000000000e+05 2.000000000000000000e+00
2.295210000000000000e+05 3.480900000000000000e+05 2.000000000000000000e+00
2.325560000000000000e+05 3.462260000000000000e+05 2.000000000000000000e+00
2.295550000000000000e+05 3.463130000000000000e+05 2.000000000000000000e+00
2.266710000000000000e+05 3.461690000000000000e+05 2.000000000000000000e+00
2.263360000000000000e+05 3.476760000000000000e+05 2.000000000000000000e+00
2.288630000000000000e+05 3.472230000000000000e+05 2.000000000000000000e+00
2.286240000000000000e+05 3.545460000000000000e+05 2.000000000000000000e+00
2.274670000000000000e+05 3.488670000000000000e+05 2.000000000000000000e+00
2.326100000000000000e+05 3.491950000000000000e+05 2.000000000000000000e+00
