2.662106091012637621e-01 2.532613186942919703e-01
2.521288712914248609e-01 2.410247328965232361e-01
1.535702663123067746e-01 2.008086889793991026e-01
1.488853935021966779e-01 8.638214981406056037e-02
2.825229158756847880e-01 1.547606398677764117e-01
1.682350707815805091e-01 1.356531491647482435e-01
2.021139556326951303e-01 1.989256832536450137e-01
2.674309811791505953e-01 8.233280207779941628e-02
1.911034875522047982e-01 2.477126497845463793e-01
1.241050604762163057e-01 2.838498317690809070e-01
1.703503823832510644e-01 1.388879050823446093e-01
2.673631827303791231e-01 2.206717431084351533e-01
1.411495904973694149e-01 1.965704503866359809e-01
2.662377284807723732e-01 1.997520807508411655e-01
1.781472039919726746e-01 2.742636208016055455e-01
1.232033411075554585e-01 2.132105542766070394e-01
1.283424635244345691e-01 1.927572162210023088e-01
2.505288279004176388e-01 1.626232217696712001e-01
2.113955632695123932e-01 2.334750014757098202e-01
2.072259586700656298e-01 2.445369222596068814e-01
8.836849812876280963e-02 2.324833244790744380e-01
2.698446059554157617e-01 2.486334927099935199e-01
1.799709822639257994e-01 2.702319815831414895e-01
2.170770732765634203e-01 2.880054306121244134e-01
2.798855562184737189e-01 1.930936780591464563e-01
1.099555242176059044e-01 2.315801900714243577e-01
2.179245538862070730e-01 2.543061212443185060e-01
9.874166079080110014e-02 2.294374594179800497e-01
5.849650160004338934e-02 2.462015229325305588e-01
2.763261376579703721e-01 1.674871613245971225e-01
1.940594999186418534e-01 2.639690691222478236e-01
2.180940500081358091e-01 1.987604037542057833e-01
1.207151380376416949e-01 2.159022489817602197e-01
2.128667896078537680e-01 3.422820376601145020e-01
1.354070618864240405e-01 2.217578655333215243e-01
2.216670282583934615e-01 2.453397083997402861e-01
1.303086185388078189e-01 8.058556165515612379e-02
2.142837771871779484e-01 2.797001357653031151e-01
3.734406356782556946e-01 3.233693406528539982e-01
2.452880078103812922e-01 1.593530488164807135e-01
1.570686662689157742e-01 2.136119473466737417e-01
1.729267234365677586e-01 1.831473938964642001e-01
8.600233226663774044e-02 1.077622336343781323e-01
1.962765091934696449e-01 1.469688920370698371e-01
2.605765580083527766e-01 2.251047753969659393e-01
2.672953842816076508e-01 2.290065521515849134e-01
1.457802245484623449e-01 2.674989670031285294e-01
2.137888485111460735e-01 2.070893099580898289e-01
2.096395834463307406e-01 2.076028569742045804e-01
1.926696317188262841e-01 3.188831828109320310e-01
1.410343331344578732e-01 1.836078153591877704e-01
1.397732819873081234e-01 1.789445723392951992e-01
1.891644519173401318e-01 2.569269818782834447e-01
1.604789282421218155e-01 2.598134702792043171e-01
1.598619623583012461e-01 2.248332447907443465e-01
2.249349134891793778e-01 2.284634909391417279e-01
2.373013505450995153e-01 1.872852842217106462e-01
1.850965449910506044e-01 2.993093678059146612e-01
2.099243369311710183e-01 2.395195088837731023e-01
2.734921624993220113e-01 2.722448497727407157e-01
1.492582849704398862e-01 2.929461070775042919e-01
2.139922438574605457e-01 2.692048875509119865e-01
2.228196018875088225e-01 1.050233162150994576e-01
1.722894180181157586e-01 2.905967770497609459e-01
1.729131637468134808e-01 1.951537689628711492e-01
1.875372891468243264e-01 2.328552033528127063e-01
1.376444106958832903e-01 2.366920488755091256e-01
2.887061344036448429e-01 1.268992385337347206e-01
1.892119108314801734e-01 3.167404521574877507e-01
1.370410045018169987e-01 2.448910926155480894e-01
1.669740196344307592e-01 2.681541821616197363e-01
2.877027173618267875e-01 2.197095803081282051e-01
6.785268753050929802e-02 2.568325364500324559e-01
2.242365894668330029e-01 2.254294315565787132e-01
2.465965178716710837e-01 2.115813706392774829e-01
2.393963226121386401e-01 2.903193436042736386e-01
9.579242826924119769e-02 2.224012750132813854e-01
3.103609589412594238e-01 1.636267044448379560e-01
1.681943917123176202e-01 2.604391712413671178e-01
2.085209090416011157e-01 1.816834897585738740e-01
1.468853392634376642e-01 1.904314975503217100e-01
1.855643542875738961e-01 1.945634850363024693e-01
9.586022671801269768e-02 2.921315152588395136e-01
1.640993654065195095e-01 2.352045333805560523e-01
1.343833053099744990e-01 1.610825807213269456e-01
1.703368226934967866e-01 2.077091080809869428e-01
2.119243911699300320e-01 2.623339826456525525e-01
1.929408255139122286e-01 2.165751726580485148e-01
2.533831425936974302e-01 1.989374889321763873e-01
1.961409122959266726e-01 1.006788265155539874e-01
3.986548787763735668e-03 1.549141136886842685e-01
1.554889624125400105e-01 2.260020069653503327e-01
2.646580246243965817e-01 1.209845935895165620e-01
2.600409502630579572e-01 1.994628416268225124e-01
3.234053804848944780e-01 1.979399090962753183e-01
1.385664695991755679e-01 1.861696476004958412e-01
2.797025004067906773e-01 1.722979753261318636e-01
2.004325541031621305e-01 2.769612183460244403e-01
2.367996420241904876e-01 1.275957735670857629e-01
2.103379074686771155e-01 2.701021191192963800e-01
1.686961002332266757e-01 7.971961513487987316e-01
1.704588599012854533e-01 8.116285933534029828e-01
2.316469599175570993e-01 6.896228085709226185e-01
2.222094158485653781e-01 7.268047931054837374e-01
4.005600151868525249e-01 8.414261259665899439e-01
9.402966860118240622e-02 7.932648603978513790e-01
2.423387752888213897e-01 8.785313735906971067e-01
2.631325595270380124e-01 7.381913700489936003e-01
2.352402777024461544e-01 7.483206422289121473e-01
2.028665184140586997e-01 7.464022194675639099e-01
2.311181320171394604e-01 7.493182220648131331e-01
2.644139502088191981e-04 8.247210908446962474e-01
2.425082714107501258e-01 8.199515967180213138e-01
2.143041167218094067e-01 1.000000000000000000e+00
2.524678635352823330e-01 8.383271353521043467e-01
1.662417963876986482e-01 6.330913169234402282e-01
1.931916797743667702e-01 7.191724219349506786e-01
1.834151434615176046e-01 7.742518151230741719e-01
8.901258339209199011e-02 7.156838439289298082e-01
2.989979389271573695e-01 7.399799303464966727e-01
4.989287845094104307e-02 7.517915117171359851e-01
1.918085914194283259e-01 7.320701257304763621e-01
1.380851006128979708e-01 6.509651142199397444e-01
2.391115691272983623e-01 7.601853491529425577e-01
1.939035634864674229e-01 7.003305589988784163e-01
4.161468785594185649e-02 7.748066820140487865e-01
2.822178228562130520e-01 6.109910867127088530e-01
1.377461083690405264e-01 7.663774275426480376e-01
9.099229809621955933e-02 7.472050056076973146e-01
1.364782773770136237e-01 7.793695767664245988e-01
2.298231816456039467e-01 7.272357003718789015e-01
1.649468460161631622e-01 6.936426421108553564e-01
0.000000000000000000e+00 7.470456289475237988e-01
2.869298150458317598e-01 7.726049229679475827e-01
1.660112816618755649e-01 7.054129036066347780e-01
2.560544014752942354e-01 6.942919544300808488e-01
2.623732169007972903e-01 7.329083289062038320e-01
2.201483430059120172e-01 6.580662298565610469e-01
1.954086890491945616e-01 6.504279558467622735e-01
2.857704615718392183e-01 6.478661236054542583e-01
9.156858491077723983e-02 7.764063514550498812e-01
1.442750989857352062e-01 7.681541821616197918e-01
1.016434343982209748e-01 7.610707750427956331e-01
1.568991701469870381e-01 9.486512012277905637e-01
8.818544231707978187e-02 7.840564311433799727e-01
2.785160275532895802e-01 7.966471872970899426e-01
2.004461137929164083e-01 7.472050056076973146e-01
2.252400065086510861e-01 6.628652381795643311e-01
2.296333459890437800e-01 8.359778053243610563e-01
3.031607636817269524e-01 8.280975149046690964e-01
1.442208602267180118e-01 7.846290065521516199e-01
9.469409339914303114e-02 6.372705271235463709e-01
1.131623908444974735e-01 7.982173425417625756e-01
2.260874871182947388e-01 7.785254707514314143e-01
2.005884905353365610e-01 8.843397674281329168e-01
2.078293648641319213e-01 7.622454400566672783e-01
2.040190920431740607e-01 7.176435865651378254e-01
1.686825405434723701e-01 7.027802372941385212e-01
7.221890763139339475e-02 7.393837435806622782e-01
2.023444703585181859e-01 7.326131869429195476e-01
2.976351901068503558e-01 8.228971135115991098e-01
1.085520963280360157e-01 8.912047694941266363e-01
2.573900309160926381e-01 6.865533321527654831e-01
2.822517220805987881e-01 7.479310548373767631e-01
1.318612030156749992e-01 7.452747771678177591e-01
1.870627000054238820e-01 6.528422171064282020e-01
2.066428920106307965e-01 7.688448143557050640e-01
2.634105331670011374e-01 7.292072486866182368e-01
2.631257796821608874e-01 7.229030163508647355e-01
1.975782394098823114e-01 8.281742518151230525e-01
1.980935076205456447e-01 7.973437223304409294e-01
1.520515810598253581e-01 7.150935600023611283e-01
2.017342843195747693e-01 8.096570450386636475e-01
6.899170146987036734e-02 7.354760639867776728e-01
2.245349026414275584e-01 7.221002302107313309e-01
3.450669848673862394e-01 7.587745705684434405e-01
2.652071920594457066e-01 6.990791570745528150e-01
8.777187177957368469e-02 7.335458355468980063e-01
2.769634430764223998e-01 7.285992562422525243e-01
7.604274014210554711e-02 7.406528540227849122e-01
2.748481314747518445e-01 7.519508883773095009e-01
1.926357324944405203e-01 8.748716132459712913e-01
8.773797255518793470e-02 8.029986423469689383e-01
1.143759830775071817e-01 7.287114101883005457e-01
2.024326083419211442e-01 8.140015347382091315e-01
2.540272278570266384e-01 8.075143143852192562e-01
1.364714975321364709e-01 8.141727170769139654e-01
1.124979660465368486e-01 7.605985479015406892e-01
1.436649129467917896e-01 6.786671388938079197e-01
2.389285133156153484e-01 7.954016882120299448e-01
2.495050713239680973e-01 7.803789622808571247e-01
1.941679774366762423e-01 6.995277728587450117e-01
2.872281282204263153e-01 8.697066288884953700e-01
1.807506644247979521e-01 7.378135883359896452e-01
2.313011878288224743e-01 8.079806386872085966e-01
1.247016868254054306e-01 6.977982409538988628e-01
2.079310625372891574e-01 8.415677941089664271e-01
2.047513152899061717e-01 7.425535682663361170e-01
1.578958073439279686e-01 7.267339590342954958e-01
1.644858165645169956e-01 8.083407118824154081e-01
5.119799858979227070e-01 3.969718434567026666e-01
6.433123610131800119e-01 3.659819373118469721e-01
6.522888756305256219e-01 3.480963343368160268e-01
5.360823344361881349e-01 3.573637919839443011e-01
6.960120952432607977e-01 4.237589280443893602e-01
4.873352497694852792e-01 3.606398677764004468e-01
4.710975212887129060e-01 4.050941502862877019e-01
4.413340022780278815e-01 3.423941916061625790e-01
4.437205076747843813e-01 2.209963992680479272e-01
5.564489884471442993e-01 3.267339590342954736e-01
4.999050821717199167e-01 3.527418688389115098e-01
5.794394424255573384e-01 3.063337465320819519e-01
5.485843683896513001e-01 3.425594711056018093e-01
4.849690839073602100e-01 2.559766247565078978e-01
4.976812930520149725e-01 3.051354701611475040e-01
4.697890112274231145e-01 2.973909450445664238e-01
5.420892769973423286e-01 3.317926922849890881e-01
5.116613331886966654e-01 3.721563071837553638e-01
5.839480392688615185e-01 3.790626291246089186e-01
3.225307804957422420e-01 4.051295673218818227e-01
6.518820849378965665e-01 4.057493654447789644e-01
4.516461463361718387e-01 3.187651260256182950e-01
5.840226175625101712e-01 4.362198217342541651e-01
4.019363236969137887e-01 3.495543356354406384e-01
5.726256983240223253e-01 2.871908387934596352e-01
4.459985355535065477e-01 2.887609940381323237e-01
6.865542116396377015e-01 2.900891328729118812e-01
5.303262461354883994e-01 2.692284989079747337e-01
5.346178879427239128e-01 4.216870314621332660e-01
4.739789553615013085e-01 3.291600259724927757e-01
5.019525953246189998e-01 4.046750486984239670e-01
5.301092910994196217e-01 3.148515435924679751e-01
5.294719856809676495e-01 4.294787792928398407e-01
5.161021315832293732e-01 3.655333215276547754e-01
4.374491511634213681e-01 2.886016173779588079e-01
4.485138580029288669e-01 3.915412313322708115e-01
5.571540923143678548e-01 3.810341774393483094e-01
5.568761186744046743e-01 2.533439584440115855e-01
4.706839507512068366e-01 2.622572457351986519e-01
6.451225795953788866e-01 3.543474411191783191e-01
5.295058849053533301e-01 3.037069830588512986e-01
6.270881922221619442e-01 3.152824508588631391e-01
4.806028638064760994e-01 3.898294079452216399e-01
6.364986169116451098e-01 3.637034413552918677e-01
5.453232630037424533e-01 4.074316746354996743e-01
5.722121277865162003e-01 3.629832949648781337e-01
4.413679015024136176e-01 4.304881648072723110e-01
5.335873515213971352e-01 3.244023375243492158e-01
6.553465856701198300e-01 3.545894575290715056e-01
5.294855453707218995e-01 3.413907089309958232e-01
5.334042957097141491e-01 3.530252051236644761e-01
5.916770624288116842e-01 2.812584853314444300e-01
5.756427292943537832e-01 3.866064577061566476e-01
5.219327981775776504e-01 3.073844519213742021e-01
5.481504583175137446e-01 2.856029750309899140e-01
5.780088951564787969e-01 4.968537866713889639e-01
5.282787329825893163e-01 2.839619857151289839e-01
4.586700656288983935e-01 2.090018298801723517e-01
6.051011552855670717e-01 3.285933534029868430e-01
5.432893095405977313e-01 2.934242370580248949e-01
5.325500352551933991e-01 4.519331798595124239e-01
6.049587785431469467e-01 3.758042618499498055e-01
4.067771329391983715e-01 3.603742400094445686e-01
6.098470466995714601e-01 3.219644649076205400e-01
5.394383576503769540e-01 3.417980048403281845e-01
5.621101589195639514e-01 2.386399858331857693e-01
5.925787817974724758e-01 3.068886134230565110e-01
4.198012149482019950e-01 4.091730122188772523e-01
6.585195530726256630e-01 2.754323829762115317e-01
5.187327113955633173e-01 2.991676996635381780e-01
3.738270868362532084e-01 3.739743816775868979e-01
4.165672289418018148e-01 3.629360722507526393e-01
6.141454683516841540e-01 3.921433209373708650e-01
5.400688832239518566e-01 4.001652794994392526e-01
5.242040462114226917e-01 3.256655451272061907e-01
5.489640397027716334e-01 4.853963756566908594e-01
4.616870965992297959e-01 3.364854495012100655e-01
5.526048164018007025e-01 3.976506699722566762e-01
4.932743938818680007e-01 3.368750368927453942e-01
5.455944567988284533e-01 3.606044507408063260e-01
6.363697998589792348e-01 2.602975030989906347e-01
5.706731029994033255e-01 3.674694528068000454e-01
6.230541845202581808e-01 3.285048108140015133e-01
6.077452947876552658e-01 2.586506109438639900e-01
5.346585670119867739e-01 3.616492532908329172e-01
5.162851873949123593e-01 2.083289062038840567e-01
5.760562998318597971e-01 3.682545304291364174e-01
4.486765742799804779e-01 4.044743521633906158e-01
5.190513641047892479e-01 3.085768254530429355e-01
5.645780224548462289e-01 3.707514314385219056e-01
5.656085588761728955e-01 3.642169883714066470e-01
4.866030265227531681e-01 3.054070007673690967e-01
5.433096490752291619e-01 3.503630246148397576e-01
5.283736508108693997e-01 2.751844637270526861e-01
4.494426967510983251e-01 3.850185939436869265e-01
4.656939849216250038e-01 4.022371760816952913e-01
4.984541953680100002e-01 3.431615607107018628e-01
6.002874654227911000e-01 3.145386931113866025e-01
5.770122579595379220e-01 4.628770438580957491e-01
6.176438683082930980e-01 2.439230269759754544e-01
9.642769973423007679e-01 5.049878991795053729e-02
9.271098877257688553e-01 1.241071955610648786e-01
9.432526983782610897e-01 2.460185349152942680e-01
9.556326951239355605e-01 2.674812584853314412e-01
6.965816022129414087e-01 2.588335989611003085e-01
8.987430167597765251e-01 1.039430966294787734e-01
8.694812062700005839e-01 1.230092674576471340e-01
8.694473070456147923e-01 1.599315270645180198e-01
8.177238704778434508e-01 1.701080219585620612e-01
7.568612030156750548e-01 1.613423056490171648e-01
8.013302055648966471e-01 2.133168053833894018e-01
8.921055486250474287e-01 1.689451626232217618e-01
8.708981938493247643e-01 2.292780827578065062e-01
9.067974724738298020e-01 1.905495543356354460e-01
9.198554537072192172e-01 1.845227554453692242e-01
7.915197700276617176e-01 1.395549259193672176e-01
8.658336497260942233e-01 1.949530724278377980e-01
9.010752833975158582e-01 2.211675816067528444e-01
8.108491077724141460e-01 2.478661236054542361e-01
9.659109399576937260e-01 2.026385691517620102e-01
9.264047838585452999e-01 7.660114515081754838e-02
8.411821337527797260e-01 2.770497609350097146e-01
8.731016434343982224e-01 1.353048816480727223e-01
9.089399034550089684e-01 2.100348267516675416e-01
8.224765417367250198e-01 0.000000000000000000e+00
7.389827520746324874e-01 3.123487397438167723e-01
8.959700602050224560e-01 9.946284162682250685e-02
8.716371969409340004e-01 1.265568738563248863e-01
7.847806042197754683e-01 1.474057021427306602e-01
9.593616098063676434e-01 1.869252110265037514e-01
9.023905733036827748e-01 1.058497137122956094e-01
8.634064652600748069e-01 2.264742341066052767e-01
9.054686228779085244e-01 4.879286937016705239e-02
8.735491131962900280e-01 1.664718729708989930e-01
8.254664533275478666e-01 1.739330618027271069e-01
7.506779844877149444e-01 1.488282864057611787e-01
8.377922113142051153e-01 6.039785136650729219e-02
8.903902478711287483e-01 1.875332034708694917e-01
8.000759342626240223e-01 1.110678236231627397e-01
7.978589249877963141e-01 2.061920783897054354e-01
9.585887074903726157e-01 1.548432796174960269e-01
9.130823886749470653e-01 2.164984357475945864e-01
9.158078863155610927e-01 2.107667788206127046e-01
7.211788794272386838e-01 1.821143970249690103e-01
8.295004610294516301e-01 1.820966885071719499e-01
9.491104843521179779e-01 1.543297326013812754e-01
8.898478602809567484e-01 2.094622513428959221e-01
7.282299180994739052e-01 1.137831296853786672e-01
9.270285295872430220e-01 1.601145150817543106e-01
8.729050279329608752e-01 1.612183460244377420e-01
9.382152736345392707e-01 1.434330913169234445e-01
7.484406356782556946e-01 1.427247506050410286e-01
9.282624613548842163e-01 1.357653031107962927e-01
8.379074686771166292e-01 1.996163154477303692e-01
8.968921191083147892e-01 2.542884127265214733e-01
7.315113630200140715e-01 2.323416563366979548e-01
9.027905841514346497e-01 9.086240481671684077e-02
7.050292889298692689e-01 1.744111917832477376e-01
8.884444323913869290e-01 1.915117171359423942e-01
8.672370776156641536e-01 1.172599020128681918e-01
8.711693876444106532e-01 1.587037364972551934e-01
9.252250908499213278e-01 2.085296027389174078e-01
8.395888702066496290e-01 1.106723333923617242e-01
8.390532624613549206e-01 1.659524231155185547e-01
8.800713239681076105e-01 2.223481494598902042e-01
9.613684438900037543e-01 1.630482261968006497e-01
8.351345121223626711e-01 2.303287881470987564e-01
8.185442317079785202e-01 1.950357121775574132e-01
7.688954276726148729e-01 1.274659111032406533e-01
9.751654282150024056e-01 2.561241957381500400e-01
9.154417746921950094e-01 1.796765244082403623e-01
8.952581764929218311e-01 8.664777758101646632e-02
9.644668329988609345e-01 1.225783601912519977e-01
8.822340944839182075e-01 1.081872380615075818e-01
8.204086890491945061e-01 3.090136355587037517e-02
8.416296035146715315e-01 1.612596658992975496e-01
9.121060910126376209e-01 1.816657812407768136e-01
1.000000000000000000e+00 1.983413021663420206e-01
9.148044692737430372e-01 1.960923204061153502e-01
8.491416716385529195e-01 1.945398736792397221e-01
8.664167163855290843e-01 1.227082226550971072e-01
8.955564896675164421e-01 1.030163508647659459e-01
8.471687367793024892e-01 1.872793813824449594e-01
7.619799858979227070e-01 1.285402278495956507e-01
8.164695991755708260e-01 1.749483501564252363e-01
8.193171340239735478e-01 1.334513901186470675e-01
7.937842382166295785e-01 1.533911811581370743e-01
8.311547431794760188e-01 2.306121244318517227e-01
8.707083581927645977e-01 1.320701257304763565e-01
8.010590117698107582e-01 1.780886606457706203e-02
8.465992298096219892e-01 1.449914408830647594e-01
9.260590117698107582e-01 1.791629773921256108e-01
9.008379888268156499e-01 2.342364677409834173e-01
8.971294136790149976e-01 1.492001652794994471e-01
8.562876281390682243e-01 1.671743108435157221e-01
9.007837500677984277e-01 1.992621450917891612e-01
8.188764441069588118e-01 2.040375420577297816e-01
8.583148017573357658e-01 2.325895755858568004e-01
7.123379617074361292e-01 1.144914703972610831e-01
8.884037533221239569e-01 2.006434094799598722e-01
6.919035092477083815e-01 6.779174783070657240e-01
7.383590063459347652e-01 8.077209137595183774e-01
8.196425665780766590e-01 7.966707986541526898e-01
6.969883929055703531e-01 7.109320583200519073e-01
8.352090904160113238e-01 7.003246561596128128e-01
7.284333134457883219e-01 7.432382976211557857e-01
6.921069045940229092e-01 7.505578183106074164e-01
7.776956663231545663e-01 7.625169706628888155e-01
6.632993437110158430e-01 8.463313853963756461e-01
7.004461137929164360e-01 8.424650256773508206e-01
7.077886857948689769e-01 7.151112685201581609e-01
6.720860226718012864e-01 8.033114928280502554e-01
7.740481097792482057e-01 8.120595006197981469e-01
7.974250149156587586e-01 8.104185113039371613e-01
6.866152302435319932e-01 7.951596718021368693e-01
7.843534739925150934e-01 7.856324892273183202e-01
6.616925204751314959e-01 7.375774747653621732e-01
7.689428865867549145e-01 7.203352812702910057e-01
6.731436784726365641e-01 7.744052889439820841e-01
6.727911265390248419e-01 7.953544654979044504e-01
8.018861528448228970e-01 7.979222005784782912e-01
7.035851819710364774e-01 6.700489935659051932e-01
6.517668275749850526e-01 7.311551856442949360e-01
7.344741552313283073e-01 7.858272829230860124e-01
6.636722351792591068e-01 7.574700430907266302e-01
6.062469490698052521e-01 7.358243315034531662e-01
7.093344904268590323e-01 7.444247683135588600e-01
6.132369691381460708e-01 7.046927572162210440e-01
7.204873352497694894e-01 8.214627235700371344e-01
5.688628844172045618e-01 7.421816893925978764e-01
6.791370613440363968e-01 6.933475001475709609e-01
7.073412160329771714e-01 7.672628534325010019e-01
7.082768346260237546e-01 7.007732719438050095e-01
7.368132017139448209e-01 7.709049052594297846e-01
6.495023593860173028e-01 7.457765185054010537e-01
7.408065303465857232e-01 8.102060090903724365e-01
7.430235396214134314e-01 6.774275426480137474e-01
6.831710690459402713e-01 7.509946284162681840e-01
9.740060747410099751e-01 7.747535564606575775e-01
8.116694690025492154e-01 7.127737441709461885e-01
7.939740738731897451e-01 7.585384569978159686e-01
7.321961273526061964e-01 7.906085827282922640e-01
6.049045397841297245e-01 6.893985006788264647e-01
6.730487606443564808e-01 7.880821675225783141e-01
6.905068612030156316e-01 8.381795643704621490e-01
7.483796170743612919e-01 7.606103535800720072e-01
6.764861419970711331e-01 6.513251874151466669e-01
7.462032868687964449e-01 7.363555870373649226e-01
7.859602972283994404e-01 8.575940027153060585e-01
7.094768671692791573e-01 7.140782716486629988e-01
6.449598633183273311e-01 8.182456761702379122e-01
7.414573954547919454e-01 7.374180981051885464e-01
7.566984867386233882e-01 7.111622690514137757e-01
6.349595921245322350e-01 7.607402160439171723e-01
8.127610240277702847e-01 7.395136060445074433e-01
7.284807723599283635e-01 8.052063042323357456e-01
6.840049899658295907e-01 7.386635971902485442e-01
7.001139013939361444e-01 6.739802845168526568e-01
7.936147420947008424e-01 7.341833421875921806e-01
7.312876281390682243e-01 6.879464022194675676e-01
7.226162065411942947e-01 8.504338586860279436e-01
6.860525031187286737e-01 7.982409538988253228e-01
7.517898790475674442e-01 7.913759518328316034e-01
6.611840321093452877e-01 8.201995159671802149e-01
7.450642729294353339e-01 7.615252936662534333e-01
9.623650810869447403e-01 7.382858154772445891e-01
7.263383413787493081e-01 6.341774393483265992e-01
6.890491945544285901e-01 8.382858154772445669e-01
7.858043607962249544e-01 7.345552210613305322e-01
6.819778163475619381e-01 7.838380260905495334e-01
6.891237728480772429e-01 7.551679357771088341e-01
7.145278516027553373e-01 7.849831769080928279e-01
7.224670499538971002e-01 7.451803317395667703e-01
7.461354884200249726e-01 7.183755386340829885e-01
7.650648153170255261e-01 7.990437400389587275e-01
7.381759505342517791e-01 8.427011392479782925e-01
6.698418940174648561e-01 6.835133699309368094e-01
7.085819276454954352e-01 8.582551207130629800e-01
7.118837121006671431e-01 8.696003777817129521e-01
7.108463958344632960e-01 8.021604391712413573e-01
8.249511851168844778e-01 8.168289947464730805e-01
8.927496338883765814e-01 7.068000708340711480e-01
6.900526115962466456e-01 8.014993211734844358e-01
7.361894559852470987e-01 7.816303642051827261e-01
7.605901176981070266e-01 8.358361371819845731e-01
8.220155122850789642e-01 8.245026857918659191e-01
7.440269566632315978e-01 7.572870550734903672e-01
7.212534577208873365e-01 7.928457588099876441e-01
7.613630200141020543e-01 8.013812643881706999e-01
6.409055160817920260e-01 7.064459004781299400e-01
7.478982480880836947e-01 8.051177616433504713e-01
7.029343168628301441e-01 7.494303760108612655e-01
6.161726419699516955e-01 7.613718198453456321e-01
6.895712426099690484e-01 8.129980520630423202e-01
7.112464066822150599e-01 7.873797296499616127e-01
7.244060855887617389e-01 8.337347264034000727e-01
6.889949557954113679e-01 7.213741809810518824e-01
7.770448012149482331e-01 7.274541054247092298e-01
7.421353799425068898e-01 7.377663656218641508e-01
6.452785160275532617e-01 7.463018712000472066e-01
2.691259423984379007e-01 4.573578891446785644e-01
2.605426587839670405e-01 4.611239005961867421e-01
2.470778868579486809e-01 4.348739743816775749e-01
2.679326897000596786e-01 4.580544241780296066e-01
2.286299289472256968e-01 4.743816775869192925e-01
2.518305581168303053e-01 4.722802668083347921e-01
2.711734555513369838e-01 4.434094799598606862e-01
3.063133915496013548e-01 4.596777049760935041e-01
2.391929272658241679e-01 4.204946579304645327e-01
2.399726094266963206e-01 4.669677114692166731e-01
2.605290990942127349e-01 5.002656277669559337e-01
2.694852741769268589e-01 4.631721858213800891e-01
2.618308293106253459e-01 4.992326308954607161e-01
2.451930899821012089e-01 4.785313735906971400e-01
2.244060855887617389e-01 4.582374121952659252e-01
2.590985518251342490e-01 4.427424591228381057e-01
2.423184357541899314e-01 4.680892509296971649e-01
2.726379020448012058e-01 4.771146921669323082e-01
2.539865487877637218e-01 4.665249985242901909e-01
2.208534468731355449e-01 4.556224544005666455e-01
2.753295004610294416e-01 4.716427601676406178e-01
2.699598633183272756e-01 4.662298565610058509e-01
2.645020881922221512e-01 4.294315565787143463e-01
2.444405272007376395e-01 4.584322058910335618e-01
2.571459565005152492e-01 4.994805501446195617e-01
2.497898248088083750e-01 4.362257245735198796e-01
2.461693876444107087e-01 4.812939023670385619e-01
2.576612247111785825e-01 4.585148456407531770e-01
2.116531973748440598e-01 4.374476123015170193e-01
2.365487877637359737e-01 5.166046868543769932e-01
2.735328415685849279e-01 4.693111386576943600e-01
2.632274773553180958e-01 5.019007142435510938e-01
2.437015241091283757e-01 4.511185880408476456e-01
2.905977111243694955e-01 4.603919485272415790e-01
2.714582090361772337e-01 4.598370816362670199e-01
2.283316157726311135e-01 4.577828935718080139e-01
2.632817161143353180e-01 5.019892568325364790e-01
2.621766013993599986e-01 4.718788737382680898e-01
2.108192764549547127e-01 4.574405288943981795e-01
2.818381515430927187e-01 4.744348031403105015e-01
2.399861691164506261e-01 4.671329909686559034e-01
2.634986711504040957e-01 4.613777226846113022e-01
2.482982589358355419e-01 4.641402514609527241e-01
2.714107501220371921e-01 4.584263030517679027e-01
2.571595161902695548e-01 4.425240540700076664e-01
2.682649020990399702e-01 4.568089250929697198e-01
2.709090416011281643e-01 4.565964228794049951e-01
2.910790801106470926e-01 4.415973083052948667e-01
2.251586483701252805e-01 4.496133640280975396e-01
2.554848945056137355e-01 4.691517619975207887e-01
2.278705863209849747e-01 4.895047517856088715e-01
2.652546509735857483e-01 4.486984239419160581e-01
2.439184791451971535e-01 4.845935895165574547e-01
2.868687964419374126e-01 4.705094150286287524e-01
2.586443022183652629e-01 4.572929579127560373e-01
2.678174323371481091e-01 4.764830883655037930e-01
2.743735423333514278e-01 4.666135411132754651e-01
2.473694201876661114e-01 4.341184109556696646e-01
2.738921733470738307e-01 4.648426893335694254e-01
2.169075771546347120e-01 4.670385455404049146e-01
2.559527038021370271e-01 4.586801251401924073e-01
2.756142539458696916e-01 4.678472345198040339e-01
2.586578619081195685e-01 4.652027625287763479e-01
2.475321364647176947e-01 4.970662888849536887e-01
2.608477518034387210e-01 4.603270172953190520e-01
2.562713565113630132e-01 4.526946461247860487e-01
2.363318327276671960e-01 4.522932530547193464e-01
2.632749362694581374e-01 4.469925033941326009e-01
2.808957531051689549e-01 4.773685142553568128e-01
2.552001410207734300e-01 4.818841862936072418e-01
2.453422465693984866e-01 4.382563012809161385e-01
2.737023376905136640e-01 4.710406705625405643e-01
2.433150729511308896e-01 4.530665249985242893e-01
2.829636057926994686e-01 4.963933652086653936e-01
2.916553669252047731e-01 4.731893040552505592e-01
2.604613006454412072e-01 4.618558526651319052e-01
2.737362369148994001e-01 4.805383389410306516e-01
2.684750772902316229e-01 4.789917950534207103e-01
2.795330042848619412e-01 4.628180154654388812e-01
2.157821229050279344e-01 4.653739448674812373e-01
2.502508542604545139e-01 4.654979044920606879e-01
2.652410912838314427e-01 4.638037896228085488e-01
2.798652166838422883e-01 4.828227377368514150e-01
2.485558930411672085e-01 4.937725045747004549e-01
3.000691544177468972e-01 4.656277669559057975e-01
2.100395942940825600e-01 4.656395726344371711e-01
2.656614416662146927e-01 4.505696239891388011e-01
2.467524543038455143e-01 4.742636208016055566e-01
2.938655963551554118e-01 4.699840623339826551e-01
2.491525193903563473e-01 4.597249276902189985e-01
2.590036339968541657e-01 4.851838734431261346e-01
2.339046482616477796e-01 4.692639159435688656e-01
2.427116667570645980e-01 4.573933061802726852e-01
2.858721592449964821e-01 4.341007024378726320e-01
2.772346368715083997e-01 4.442890030104480470e-01
2.364809893149644737e-01 4.510300454518623714e-01
2.883739220046645513e-01 4.740865356236349526e-01
2.359182621901610988e-01 4.774157369694823072e-01
2.567798448771492215e-01 4.608759813470278965e-01
2.423658946683300008e-01 4.671329909686559034e-01
2.365284482291045154e-01 4.702910099757983686e-01
2.601019688669523044e-01 4.813706392774924625e-01
2.374979660465368625e-01 4.454872793813824394e-01
2.642444540868905123e-01 4.356059264506227380e-01
2.316062808482941826e-01 4.656395726344371711e-01
2.850585778597385933e-01 4.774157369694823072e-01
2.743599826435971223e-01 4.727229797532613298e-01
2.660885718934750677e-01 4.458591582551207355e-01
2.496610077561425278e-01 4.641579599787497568e-01
2.448947768075066533e-01 4.208252169293429934e-01
2.557696479904539855e-01 4.495543356354406717e-01
2.696751098334870256e-01 4.769317041496959897e-01
2.969165265498725503e-01 4.859335340298683859e-01
2.770176818354396220e-01 4.978867835428841260e-01
2.757159516190269555e-01 4.398205536863231124e-01
2.345351738352226545e-01 4.339885484918245551e-01
2.220399197266366420e-01 4.951537689628711658e-01
2.257688344090687249e-01 4.726285343250103410e-01
2.322096870423604742e-01 4.794581193554099396e-01
2.475389163095948475e-01 4.383035239950416329e-01
2.737904756739165668e-01 4.617968242724750372e-01
2.770176818354396220e-01 4.825275957735670751e-01
2.360606389325812238e-01 4.618263384688034989e-01
2.550442045885989995e-01 4.588040847647718579e-01
2.874789824808808292e-01 4.649371347618204142e-01
2.791465531268644829e-01 4.628888495366271227e-01
2.729836741335358030e-01 4.560828758632902158e-01
2.515525844768671804e-01 4.630482261968006386e-01
2.215178716710961559e-01 4.819196033292013626e-01
2.152193957802245594e-01 4.573874033410070261e-01
2.802313283072083161e-01 4.380674104244141609e-01
2.558577859738569438e-01 4.596186765834366361e-01
2.410302652275315982e-01 4.901304527477716722e-01
2.315520420892769882e-01 4.545599433327430217e-01
2.596002603460432767e-01 4.569092733604863676e-01
2.774787112870857331e-01 4.941030635735789156e-01
2.609358897868416793e-01 4.673572988607520018e-01
2.283112762379996830e-01 4.661708281683489830e-01
2.868959158214460237e-01 4.798713181040080156e-01
2.647936215219395817e-01 4.743049406764653919e-01
2.432337148126050841e-01 4.673395903429549691e-01
2.184872810110104757e-01 4.370757334277787787e-01
2.755532353419753999e-01 4.599728469393778441e-01
2.781838151543092885e-01 4.836137181984534461e-01
2.791126539024786912e-01 4.399858331857623428e-01
2.318910343331344603e-01 4.694055840859453488e-01
2.274841351629874608e-01 4.519863054129036328e-01
2.520000542387590414e-01 4.473112567144796881e-01
2.390369908336497373e-01 4.544123723511008794e-01
2.661631501871237204e-01 4.656041555988430503e-01
2.396471768725931539e-01 4.306239301103830797e-01
2.990386179964202307e-01 4.577356708576825195e-01
2.520949720670391248e-01 4.626350274482025626e-01
2.581358138525790547e-01 4.645652558880821736e-01
2.664885827412268871e-01 4.951773803199339130e-01
2.232941910289092668e-01 4.396434685083525085e-01
2.636749471172099568e-01 4.602856974204592166e-01
2.310096544991050715e-01 4.626232217696711890e-01
2.364538699354558904e-01 4.944690396080514971e-01
2.307791397732819882e-01 4.680774452511657913e-01
2.685225362043716646e-01 4.877279971666371727e-01
2.643936106741877623e-01 4.484091848178974327e-01
2.514712263383414026e-01 4.502449678295259994e-01
2.451524109128383200e-01 4.686913405347972184e-01
2.657292401149861649e-01 4.726993683961985826e-01
2.464270217497423754e-01 4.801310430316982347e-01
2.584341270271736102e-01 4.755150227259311579e-01
2.609969083907360266e-01 4.756153709934478613e-01
2.472677225145088753e-01 4.644235877457056905e-01
2.592477084124314990e-01 4.678354288412726603e-01
2.650105765580083594e-01 4.608995927040906437e-01
2.376267830992026819e-01 4.377840741396611945e-01
2.454642837771871811e-01 4.788619325895756007e-01
2.506915441774691944e-01 4.778348385573460977e-01
2.573832510712155131e-01 4.769376069889617042e-01
2.606646959917557349e-01 4.539047281742518147e-01
2.612545424960676654e-01 4.478011923735316646e-01
2.381352714649888902e-01 4.092143320937370876e-01
2.697971470412757200e-01 4.577061566613541133e-01
2.346707707327656267e-01 4.776577533793754937e-01
2.705361501328849561e-01 4.464612478602207890e-01
2.486372511796930140e-01 4.517442890030104463e-01
2.575188479687584575e-01 4.629360722507526171e-01
2.742447252806855529e-01 4.948291128032583641e-01
2.411048435211802232e-01 4.380615075851484463e-01
2.579730975755274991e-01 4.627412785549849250e-01
2.280739816672994469e-01 4.408358420400212418e-01
2.486711504040787502e-01 4.298329496487810486e-01
2.676140369908336369e-01 4.748125848533144566e-01
2.379250962737972652e-01 4.757629419750900035e-01
2.612545424960676654e-01 4.574287232158668060e-01
2.463524434560937226e-01 4.645947700844105799e-01
2.577629223843358464e-01 4.756862050646361029e-01
2.426506481531702508e-01 4.637447612301516808e-01
2.548069100178987911e-01 4.479251519981111151e-01
2.452608884308727089e-01 4.230151702969128236e-01
2.589290557032055129e-01 4.417684906439997561e-01
2.513288495959212221e-01 4.336343781358833471e-01
2.501559364321744305e-01 4.612183460244377309e-01
2.577900417638444575e-01 4.732070125730476473e-01
4.632261213863426708e-01 6.135293075969541210e-01
4.865623474534902515e-01 6.317100525352694618e-01
4.518020827683462692e-01 6.451744289003010779e-01
4.786638281716114607e-01 6.289239124018652927e-01
4.535309432120193107e-01 6.404167404521574625e-01
4.708873460975213088e-01 6.381500501741337317e-01
4.674092856755437397e-01 6.199870137536155346e-01
4.497545696154471861e-01 6.223068295850303633e-01
4.648804035363671150e-01 6.264152057139483754e-01
4.834436188100016407e-01 6.490762056549199688e-01
4.601751911916255322e-01 6.383743580662298855e-01
4.636668113033574068e-01 6.532613186942919370e-01
4.787723056896457940e-01 6.416327253408889986e-01
4.641752996691435595e-01 6.535564606575763325e-01
4.715721104301133781e-01 6.378785195679121944e-01
4.074551174269132603e-01 6.144383448438699435e-01
4.725009491782827808e-01 6.431497550321704226e-01
4.715992298096219337e-01 6.327371465674990203e-01
4.586293865596355324e-01 6.454754737028510769e-01
4.836470141563161129e-01 6.315683843928929786e-01
4.555716765200412133e-01 6.245558113452570614e-01
4.381135759613820069e-01 6.583377604627825841e-01
4.385000271193795207e-01 6.440587922790862452e-01
4.652193957802245317e-01 6.121067233339235747e-01
4.834910777241416824e-01 6.497727406882710666e-01
4.694703585181971284e-01 6.616197390945044443e-01
4.502901773607420055e-01 6.433622572457351474e-01
4.327846178879427019e-01 6.387698482970308733e-01
5.113833595487334849e-01 6.584853314444247818e-01
4.475850192547594641e-01 6.539578537276430348e-01
4.483647014156316168e-01 6.092792633256596257e-01
4.167231653739762454e-01 6.143970249690100527e-01
4.573886749471172131e-01 6.599610412608464260e-01
4.667245213429516704e-01 6.478425122483915111e-01
5.010237565764494860e-01 6.546248745646655598e-01
4.384254488257308680e-01 6.197863172185821279e-01
4.407170363942072844e-01 6.115754678000118183e-01
4.684127027173618507e-01 6.451449147039726162e-01
4.655312686445733927e-01 6.284575880998760633e-01
4.562767803872647132e-01 6.419750900182987774e-01
4.712466778760102115e-01 6.446431733663892105e-01
4.819317134023973770e-01 6.234460775633079432e-01
4.282014427509898691e-01 6.681187651260256377e-01
4.777688886478277386e-01 6.631013517501918031e-01
4.943320496827032784e-01 6.295378076854967198e-01
4.754773010793513222e-01 6.441414320288058049e-01
4.327981775776970075e-01 6.190248509533085031e-01
4.437205076747843813e-01 6.228557936367392633e-01
5.014915658729728332e-01 6.466914585915825020e-01
4.297201280034712578e-01 6.187887373826810311e-01
4.599717958453110600e-01 6.540404934773625945e-01
4.599311167760481434e-01 6.393837435806623004e-01
4.414153604165536593e-01 6.163862818015465317e-01
4.371779573683354236e-01 6.484918245676170034e-01
4.937761024027770285e-01 6.320937370875391315e-01
4.694228996040570867e-01 6.276488991204769441e-01
4.733077507186635446e-01 6.480727229797532685e-01
4.592327927537017684e-01 6.273124372823327688e-01
4.605955415740087822e-01 6.639749719615134493e-01
4.607718175408146433e-01 6.827696121834602172e-01
4.819656126267831131e-01 6.504692757216220533e-01
4.543852036665401162e-01 6.333097219762705565e-01
4.417950317296740481e-01 6.371642760167640640e-01
4.951117318435754311e-01 6.322176967121185820e-01
4.729687584748060725e-01 6.555811345257068767e-01
4.176926831914085647e-01 6.199043740038958639e-01
4.859114823452839182e-01 6.281801546543888115e-01
4.993898139610565834e-01 6.386872085473112026e-01
4.512800347128057554e-01 6.519272770202467759e-01
5.059459239572599021e-01 6.638392066584026807e-01
4.640736019959863512e-01 6.605690337052122496e-01
4.584598904377067963e-01 6.421167581606752606e-01
4.432933774475240063e-01 6.359600968065639570e-01
4.656397461626077816e-01 6.474293134997933796e-01
4.467917774041330059e-01 6.357357889144679142e-01
4.459307371047350199e-01 6.100466324301989651e-01
4.357202907197483266e-01 6.631544773035830120e-01
4.132315452622444263e-01 6.551679357771087453e-01
4.638634268047946985e-01 6.310489345375125403e-01
4.890166512990182790e-01 6.184286641874742196e-01
4.416051960731138259e-01 6.412372351100878998e-01
4.678974345066984619e-01 6.397261082580720792e-01
4.067228941801811493e-01 6.421167581606752606e-01
4.915184140586863482e-01 6.205832005194498180e-01
4.735518251342409335e-01 6.452216516144265723e-01
4.643041167218093790e-01 6.343486216870314331e-01
4.296048706405597439e-01 6.611120949176554351e-01
4.522088734609752136e-01 6.175786553332153206e-01
4.463578673319954504e-01 6.333274304940677002e-01
4.659787384064652538e-01 6.190189481140428995e-01
4.836944730704561546e-01 6.354111327548550570e-01
4.560394858165645049e-01 6.709108080986955214e-01
4.649753213646471983e-01 6.402396552741869140e-01
4.852877366165861961e-01 6.483383507467092022e-01
4.713822747735531560e-01 6.628947523758927929e-01
4.684398220968704063e-01 6.771383035239950665e-01
4.502427184466019638e-01 6.057434626055132609e-01
4.950574930845582089e-01 6.414674458414497682e-01
4.866776048164018209e-01 6.351868248627590141e-01
4.506562889841080333e-01 6.391240186529720813e-01
4.547513152899061439e-01 6.552623812053597341e-01
4.487986114877691723e-01 6.514609527182574356e-01
4.285946737538645079e-01 6.586860279794580775e-01
4.765281770353094193e-01 6.063278436928162263e-01
4.611582686988121571e-01 6.166282982114397182e-01
4.734230080815751140e-01 6.560356531491647880e-01
4.493816781472039779e-01 6.568679534856265434e-01
5.084544665618050407e-01 6.216102945516793765e-01
4.796333459890437800e-01 6.369399681246679101e-01
4.597006020502251156e-01 6.375007378549082393e-01
4.284726365460758135e-01 6.235700371878873938e-01
4.608599555242176016e-01 6.304704562894752895e-01
4.724534902641427392e-01 6.526474234106605099e-01
4.104179096382274960e-01 6.252405407000767301e-01
4.829147909095840019e-01 6.263797886783543101e-01
4.967660139935998198e-01 6.150581429667669742e-01
4.653143136085046150e-01 6.427070420872439405e-01
4.896810760969789178e-01 6.618145327902721364e-01
4.836470141563161129e-01 6.370048993565905482e-01
4.693686608450398645e-01 6.596127737441709327e-01
4.712737972555187671e-01 6.377073372292072495e-01
4.678364159028041702e-01 6.359482911280326389e-01
4.659787384064652538e-01 6.315329673572989133e-01
4.834571784997559463e-01 6.232926037424001420e-01
4.349812876281390905e-01 5.977687267575704233e-01
4.568395075120681437e-01 6.102709403222950080e-01
4.721483972446710586e-01 6.309781004663242987e-01
4.981694418831696947e-01 6.451862345788323960e-01
4.536868796441937413e-01 6.465556932884717334e-01
4.998779627922113056e-01 6.463254825571099760e-01
4.481613060693171446e-01 6.585561655156130234e-01
4.402831263220697289e-01 6.681187651260256377e-01
4.474290828225850336e-01 6.545009149400862203e-01
4.644261539295980734e-01 6.433504515672038293e-01
4.666906221185659343e-01 6.385101233693406542e-01
4.702568205239464061e-01 6.374358066229856012e-01
5.050984433476162216e-01 6.361489876630659346e-01
4.945490047187720561e-01 6.395903429549613106e-01
4.849419645278515989e-01 6.739153532849300188e-01
4.443984921624993256e-01 6.320701257304763843e-01
4.548869121874491439e-01 6.508293489168289758e-01
4.546902966860117967e-01 6.082108494185702874e-01
4.733552096328035863e-01 6.556519685968951183e-01
4.545004610294516301e-01 6.660114515081754227e-01
4.548258935835547967e-01 6.463608995927040413e-01
4.597209415848565461e-01 6.360309308777521986e-01
4.391508922275858540e-01 6.426007909804616336e-01
4.609277539729890738e-01 6.177911575467800454e-01
4.476731572381623669e-01 6.429962812112626214e-01
4.445747681293051867e-01 5.901068413907089028e-01
4.505342517763193388e-01 6.464966648958149209e-01
4.450493572707056589e-01 6.016291836373295343e-01
4.208927699734230088e-01 6.441296263502744868e-01
4.500325432554103111e-01 6.351809220234932996e-01
4.763451212236263776e-01 6.629360722507525727e-01
4.831724250149156408e-01 6.284516852606103487e-01
4.507783261918967277e-01 6.508352517560946904e-01
4.508054455714053388e-01 6.419219644649075684e-01
4.513952920757173248e-01 6.112626173189303902e-01
4.766366545533438082e-01 6.640340003541703728e-01
4.575852904485545602e-01 6.190130452747771850e-01
4.534834842978792691e-01 6.493359305826101879e-01
4.486630145902261724e-01 6.389823505105955981e-01
4.506359494494766027e-01 6.232512838675402511e-01
4.548326734284319772e-01 6.631249631072545503e-01
4.472934859250420336e-01 6.309072663951360571e-01
4.858436838965124460e-01 6.297089900242016647e-01
4.585683679557411851e-01 6.204533380556047639e-01
4.657346639908878649e-01 6.343073018121716533e-01
4.516800455605575748e-01 6.713417153650905744e-01
4.812605087595595577e-01 6.243256006138953040e-01
4.213334598904376893e-01 6.345020955079393454e-01
4.504054347236535194e-01 6.290832890620388085e-01
4.811588110864023493e-01 6.543356354406469899e-01
4.838843087270163212e-01 6.347559175963638500e-01
4.325134240928567575e-01 6.532436101764949044e-01
4.754569615447198361e-01 6.317513724101292416e-01
4.368728643488636876e-01 6.168585089428014756e-01
4.890844497477897512e-01 6.479605690337052470e-01
4.413204425882735760e-01 6.463313853963756905e-01
4.594836470141563378e-01 6.358774570568443973e-01
4.704195368009980172e-01 6.335163213505696778e-01
4.567581493735423104e-01 6.570037187887374230e-01
4.690093290665509618e-01 6.612301517029691711e-01
4.758434127027173499e-01 6.550321704739979767e-01
4.695517166567229062e-01 6.489168289947464530e-01
4.706093724575581838e-01 6.476241071955610717e-01
4.725280685577913919e-01 6.331739566731597879e-01
4.594768671692791573e-01 6.620329378431025757e-01
4.724195910397570031e-01 6.347559175963638500e-01
4.445069696805337145e-01 6.197331916651909189e-01
4.317134023973531742e-01 6.464022194675639321e-01
4.296319900200683550e-01 6.477775810164688730e-01
4.346626349189130489e-01 5.923558231509356009e-01
4.474833215816022003e-01 6.347677232748952791e-01
4.881962900688832097e-01 6.217342541762588271e-01
4.841690622118565712e-01 6.837967062156897757e-01
4.610633508705320738e-01 6.229679475827872848e-01
4.480528285512827558e-01 6.259075615370993662e-01
4.440052611596246868e-01 6.617791157546779601e-01
7.941164506156098701e-01 4.356177321291541116e-01
7.799533546672452466e-01 4.838144147334867973e-01
8.244901556652384222e-01 4.457824213446667794e-01
7.754583175136953166e-01 4.707455285992562244e-01
8.070049357270705492e-01 4.327135352104362065e-01
7.709022617562509838e-01 4.703441355291895221e-01
7.896553126864457317e-01 4.866950002951419552e-01
7.790312957639529134e-01 4.394191606162564101e-01
7.986318273037913418e-01 4.810932058320052107e-01
7.863128491620111626e-01 4.570332329850658182e-01
8.088965124477951463e-01 4.619089782185231141e-01
7.559459239572599021e-01 4.963402396552741846e-01
8.019539512935943693e-01 4.534974322649194534e-01
7.995199869826978833e-01 4.624815536272947059e-01
8.640505505234040706e-01 4.865710406705625601e-01
8.061303357379183687e-01 4.494362788501269357e-01
7.931672723328090369e-01 4.912165751726580432e-01
7.843399143027607323e-01 4.782067174310843383e-01
8.040014644464934523e-01 4.544714007437577474e-01
8.067066225524760492e-01 4.642346968892037129e-01
8.153034658567012150e-01 4.742990378371996774e-01
7.863128491620111626e-01 5.065108317100525115e-01
8.051201388512231327e-01 5.055663774275426237e-01
8.341582144600531157e-01 4.727111740747299562e-01
7.664343439822096649e-01 4.279440410837612729e-01
7.610511471497531932e-01 4.580367156602325740e-01
8.048625047458913828e-01 4.580308128209668594e-01
7.879061127081412597e-01 4.648072722979753046e-01
7.663258664641753315e-01 4.346791806859099383e-01
8.170119867657428259e-01 4.602207661885366896e-01
8.420228345175462259e-01 4.638155953013399224e-01
8.182391386885068396e-01 4.880644590047812925e-01
7.993979497749091889e-01 5.008795230505873608e-01
7.911672180940499954e-01 4.817248096334336704e-01
8.036760318923903412e-01 4.889616905731656860e-01
8.098050116613332294e-01 4.808452865828463652e-01
8.222595867006562420e-01 4.209019538397969495e-01
7.925028475348484536e-01 4.716132459713122116e-01
8.107813093236426738e-01 4.752966176731007741e-01
7.908689049194554954e-01 4.792220057847824677e-01
7.866789607853772459e-01 4.321645711587273619e-01
7.911536584042957454e-01 4.448261613836255179e-01
8.220900905787275059e-01 4.681364736438226593e-01
7.664682432065954565e-01 4.496428782244259459e-01
8.155882193415414649e-01 4.777758101646892297e-01
8.171475836632857703e-01 4.726698541998701208e-01
7.575798665726528602e-01 4.744584144973732487e-01
8.038048489450561052e-01 4.418157133581252505e-01
7.966249932201551198e-01 4.742341066052771503e-01
7.878789933286326486e-01 4.802490998170119707e-01
8.278258393447958108e-01 4.539755622454400563e-01
8.165102782448337981e-01 4.762351691163449474e-01
7.850111189455984961e-01 4.846053951950888283e-01
8.140559743993057706e-01 4.213210554276606845e-01
7.812347453490263716e-01 4.707101115636621036e-01
7.918113033573791482e-01 4.702024673868130389e-01
7.824686771166675658e-01 4.924502685791866119e-01
8.177916689266149231e-01 4.753497432264919276e-01
8.024759993491349386e-01 4.811876512602561995e-01
8.044557140532624384e-01 4.548078625819018672e-01
7.713632912078971504e-01 4.855380437990673426e-01
7.949978304496393422e-01 4.889026621805088180e-01
8.010047730107935360e-01 4.591818664777758130e-01
7.910112816618756204e-01 4.562245440056666990e-01
8.088558333785322851e-01 4.792161029455168086e-01
7.790855345229701356e-01 4.760994038132341788e-01
7.693225578998752479e-01 4.869252110265037681e-01
8.164492596409393954e-01 4.314680361253763197e-01
8.001233931767640639e-01 4.668968773980284315e-01
7.635935889786841235e-01 4.482261968006611141e-01
7.926248847426370370e-01 4.489876630659347390e-01
7.708548028421109422e-01 4.479428605159081478e-01
7.898112491186202178e-01 4.357416917537335621e-01
7.953232630037424533e-01 4.718375538634083100e-01
8.260698595216141582e-01 4.542116758160675283e-01
7.862450507132396904e-01 4.765066997225665402e-01
7.623121982969029986e-01 4.704149696003777636e-01
7.785770461571839274e-01 4.529956909273360477e-01
7.757430709985355666e-01 4.748361962103772038e-01
7.945300211531159951e-01 4.736379198394427559e-01
8.139610565710256873e-01 4.764181571335812659e-01
8.387956283560231707e-01 4.881057788796411279e-01
8.053777729565547716e-01 4.597839560828758665e-01
7.477287519661550697e-01 4.596245794227022952e-01
7.625698324022346375e-01 4.592822147452924608e-01
7.964622769431035643e-01 4.606870904905259190e-01
7.717022834517546226e-01 4.550793931881234600e-01
8.129169604599446597e-01 4.523463786081104998e-01
7.853704507240873989e-01 4.616551561300985540e-01
8.108558876172913266e-01 4.584204002125021882e-01
8.346870423604707545e-01 4.747889734962517094e-01
8.180154038075608813e-01 4.509296971843456681e-01
8.084015837717632991e-01 4.437223304409421143e-01
8.014386830829310915e-01 4.573519863054129053e-01
8.043540163801051746e-01 4.842748361962103676e-01
8.070930737104734520e-01 4.710111563662121581e-01
7.576680045560557630e-01 4.439466383330382127e-01
7.920418180832022870e-01 4.491588454046396284e-01
8.343955090307533240e-01 4.491411368868425957e-01
7.949639312252535506e-01 4.397497196151348708e-01
7.780414384118891080e-01 4.828050292190543824e-01
7.523187069479850830e-01 4.895460716604687068e-01
7.855467266908933155e-01 4.329791629773921402e-01
8.030183869393068274e-01 4.555221061330499976e-01
7.788414601073927468e-01 4.722389469334750123e-01
7.970250040679068837e-01 4.502862877043858347e-01
7.852145142919130238e-01 4.263620801605572108e-01
7.821432445625644547e-01 4.806268815300159258e-01
8.028556706622552719e-01 4.519449855380437975e-01
7.958656505939144532e-01 4.805560474588276842e-01
7.885637576612246624e-01 4.358597485390472981e-01
7.533492433693117496e-01 4.591995749955728456e-01
8.173916580788631592e-01 4.467150699486452936e-01
8.107541899441340627e-01 4.586919308187237809e-01
8.209646363291207560e-01 4.364677409834130106e-01
8.024827791940120081e-01 4.499911457411014948e-01
8.135000271193795207e-01 4.675934124313794737e-01
7.747871128708575528e-01 4.368101056608228450e-01
8.153577046157184371e-01 4.547901540641048346e-01
7.950724087432879950e-01 4.536450032465615956e-01
8.114118348972175765e-01 4.756389823505106085e-01
7.988284428052285779e-01 4.790331149282804901e-01
8.017641156370342026e-01 4.626291246089369036e-01
8.157916146878559926e-01 4.703559412077208957e-01
8.441313662743396007e-01 4.966471872970898982e-01
8.132627325486793124e-01 4.683253645003246368e-01
7.840483809730433018e-01 4.785726934655569198e-01
8.339683788034929490e-01 4.709344194557582020e-01
8.174526766827574509e-01 4.723156838439289129e-01
7.773498942344199136e-01 4.748302933711114893e-01
7.761837609155503026e-01 4.596127737441709216e-01
7.967063513586809531e-01 4.799598606929933453e-01
7.654241470955144289e-01 4.776459477008441201e-01
8.071879915387536464e-01 4.363201700017708684e-01
8.135474860335195624e-01 4.723747122365857809e-01
8.162051852253620066e-01 4.767664246502567593e-01
8.297174160655204078e-01 4.605336166696180622e-01
7.731124911862016225e-01 4.695295437105247438e-01
8.104626566144166322e-01 4.627766955905790458e-01
8.118660845039865626e-01 4.581488696062805954e-01
7.961707436133861338e-01 4.558703736497254910e-01
8.007200195259532860e-01 4.665899297562127179e-01
7.984691110267396752e-01 4.574346260551325205e-01
7.697225687476270117e-01 4.749188359600968190e-01
7.648478602809567484e-01 4.704267752789091372e-01
7.889434289743451068e-01 4.406705625405820115e-01
7.986996257525628140e-01 4.530724278377900038e-01
7.787058632098498023e-01 4.594888141195915265e-01
8.126254271302272292e-01 4.687208547311256801e-01
7.859602972283994404e-01 4.899120476949412883e-01
7.887807126972934402e-01 4.612596658992975662e-01
7.939130552692954534e-01 4.498671861165220442e-01
7.765363128491620248e-01 4.586624166223953747e-01
7.857636817269620932e-01 4.530193022843987949e-01
7.991809947388404112e-01 4.628357239832359138e-01
8.355074035906058239e-01 4.717844283100171010e-01
7.889569886640993568e-01 4.820317572752493840e-01
7.773973531485599553e-01 4.535210436219822006e-01
7.896078537723056900e-01 4.739330618027270958e-01
7.932215110918262591e-01 4.975562245440056652e-01
7.830314042414709963e-01 4.428250988725577209e-01
7.798516569940879828e-01 4.381028274600082817e-01
7.936011824049465924e-01 4.429431556578714568e-01
8.004488257308672861e-01 4.352694646124786182e-01
8.043336768454737440e-01 4.270881293902367148e-01
8.108762271519227571e-01 4.526887432855203341e-01
8.106050333568367572e-01 4.982822737736851693e-01
8.337514237674241713e-01 4.397851366507289916e-01
8.241443835765037695e-01 4.460716604686854603e-01
7.649359982643597622e-01 4.743049406764653919e-01
7.862857297825025515e-01 4.655274186883890941e-01
8.204086890491945061e-01 4.567853137359069726e-01
7.889163095948364957e-01 4.993388820022430785e-01
8.155475402722786038e-01 4.739094504456643486e-01
7.901570212073547594e-01 4.734608346614721519e-01
7.760210446384986360e-01 4.655569328847175559e-01
7.747803330259803722e-01 4.655982527595773357e-01
7.854246894831046211e-01 4.501505224012750106e-01
8.418397787058632398e-01 4.768962871141018689e-01
7.853840104138417599e-01 5.016823091907207655e-01
8.124966100775614652e-01 4.769198984711646161e-01
7.697157889027499422e-01 4.639985833185762409e-01
8.137169821554482985e-01 5.023021073136177961e-01
7.990182784617887446e-01 4.637329555516203072e-01
8.044760535878938690e-01 4.558290537748657112e-01
8.084287031512719102e-01 4.682073077150109008e-01
8.008962954927590916e-01 4.564252405407000501e-01
8.107948690133969238e-01 4.189835310784487121e-01
7.958453110592829116e-01 4.760639867776400580e-01
7.723599284048381364e-01 4.301221887727997295e-01
7.858653794001193571e-01 4.476713299096865550e-01
7.958046319900200505e-01 4.519213741809810503e-01
8.163814611921679232e-01 4.409184817897408570e-01
7.960351467158431893e-01 4.414320288058556363e-01
7.764820740901448026e-01 4.405820199515967373e-01
7.742108260562998723e-01 4.494775987249867155e-01
7.913434940608559121e-01 4.468036125376306233e-01
7.897231111352172039e-01 4.900301044802550243e-01
7.818788306123556353e-01 4.565078802904196653e-01
8.167475728155340065e-01 4.584440115695649354e-01
